0	0	0	0	0	0	0	0	0	0	0	0	0	0	0	0	0	0	0	0	0	0	0	0	2	0	0	0	0	0	0	0	0	0	0	0	2	0	0	0	0	0	0	0	2	0	0	0	0	0	0	0	0	0	0	0	0	0	0	0	0	0	0	0	0	0	0	0	0	0	0	0	0	0	0	0	0	0	0	0	0	0	0	0	0	0	0	0	0	0	0	0	0	2	2	0	0	0	0	0	0	0	0	0	0	0	2	0	0	0	0	0	0	0	0	0	0	2	0	0	0	0	0	0	0	0	0	0	0	0	0	0	0	0	0	0	0	0	0	0	0	0	0	0	0	0	0	0	0	0	0	0
0	0	0	0	0	0	0	5	0	0	2	0	0	0	0	0	0	5	0	0	2	5	0	0	0	3	0	0	0	3	0	0	0	0	0	0	7	0	4	0	3	0	2	0	2	0	0	0	7	0	0	0	0	0	7	3	0	0	0	9	0	5	0	3	0	0	0	0	0	0	0	0	0	0	0	3	0	2	0	0	0	0	0	0	0	0	0	0	0	0	0	0	0	8	7	0	0	6	0	0	0	0	0	5	0	10	6	0	0	0	2	0	7	0	0	0	0	10	0	0	0	0	0	0	0	0	0	0	0	0	0	2	0	0	3	0	0	0	3	0	0	0	0	0	0	0	0	0	0	0	0	3
0	0	0	0	0	0	0	6	0	2	5	0	0	0	0	0	0	10	9	0	0	9	0	8	0	0	0	0	0	0	5	4	0	0	0	0	18	3	3	0	0	0	0	0	10	0	0	0	9	0	0	0	0	0	17	3	0	0	0	6	0	19	0	14	12	0	0	3	2	0	0	0	7	0	0	0	0	0	0	0	0	0	0	0	0	0	0	0	3	0	0	0	0	7	7	0	2	3	0	0	6	2	0	9	0	24	9	0	0	0	0	0	8	0	0	0	3	33	0	0	0	0	0	0	0	7	0	0	0	0	0	3	0	0	0	0	0	2	13	0	0	2	0	0	0	0	9	0	0	3	0	0
0	0	0	0	0	0	0	0	0	0	0	0	0	0	0	0	0	0	0	0	0	0	0	0	0	0	0	0	0	0	0	0	0	0	0	0	0	0	0	0	0	0	0	0	0	0	0	0	0	0	0	0	0	0	0	0	0	0	0	0	0	2	0	0	0	0	0	0	0	0	0	0	0	0	0	0	0	0	0	0	0	0	0	0	0	0	0	0	0	0	0	0	0	0	0	0	0	0	0	0	0	0	0	2	0	0	0	0	0	0	0	0	0	0	0	2	0	0	0	0	0	0	0	0	0	0	0	0	0	0	0	0	0	0	0	0	0	0	0	0	0	0	0	0	0	0	0	0	0	0	0	0
0	0	0	0	0	0	0	0	0	0	0	0	0	0	0	0	0	0	0	0	0	0	0	0	0	0	0	0	0	0	0	0	0	0	0	0	0	0	0	0	0	0	0	0	0	0	0	0	0	0	0	0	0	0	0	0	0	0	0	0	0	0	0	0	0	0	0	0	0	0	0	0	0	0	0	0	0	0	0	0	0	0	0	0	0	0	0	0	0	0	0	0	0	0	0	0	0	0	0	0	0	0	0	0	0	0	0	0	0	0	0	0	0	0	0	0	0	0	0	0	0	0	0	0	0	0	0	0	0	0	0	0	0	0	0	0	0	0	0	0	0	0	0	0	0	0	0	0	0	0	0	0
0	0	0	0	0	0	0	2	0	0	0	0	0	0	0	0	0	0	0	0	0	0	0	0	0	0	0	0	0	0	0	0	0	0	0	0	0	0	0	0	0	0	0	0	0	0	0	0	0	0	0	0	0	0	0	0	0	0	0	0	0	0	0	0	0	0	0	0	0	0	0	0	0	0	0	0	0	0	0	0	0	0	0	0	0	0	0	0	0	0	0	0	0	2	2	0	0	0	0	0	0	0	0	0	0	0	0	0	0	0	0	0	0	0	0	0	0	2	0	0	0	0	0	0	0	0	0	0	0	0	0	0	0	0	0	0	0	0	0	0	0	0	0	0	0	0	0	0	0	0	0	0
0	0	0	0	0	0	0	2	0	0	2	2	0	0	0	0	0	2	0	0	4	0	4	0	6	0	0	6	0	2	0	2	0	0	0	0	8	0	3	0	2	0	0	0	3	0	0	0	4	0	0	3	2	0	5	0	0	0	0	4	0	3	0	0	0	0	0	0	0	0	0	0	0	0	0	5	0	0	2	0	2	0	0	0	0	0	0	0	0	0	0	0	0	7	7	0	0	7	0	0	4	0	0	0	3	7	6	0	0	0	0	0	5	2	0	0	0	6	0	2	0	0	0	0	0	0	0	0	0	0	0	0	2	0	3	0	4	2	0	0	0	0	0	0	0	0	0	0	0	0	0	0
0	5	6	0	2	2	2	0	2	3	9	0	3	6	0	0	0	62	2	0	2	19	14	57	2	3	0	10	2	17	5	4	0	2	0	0	100	0	12	0	2	0	2	0	43	0	4	0	32	3	0	0	0	0	75	20	0	0	0	23	0	87	0	46	15	0	2	2	4	0	0	2	5	0	0	8	4	2	0	0	0	0	3	0	0	0	0	0	3	0	0	0	0	75	72	0	23	36	2	0	25	25	4	17	6	147	75	0	3	16	2	2	80	0	0	0	0	157	0	6	0	0	0	0	0	34	0	0	0	0	0	2	0	0	0	0	8	5	30	0	4	2	8	0	0	0	6	0	0	8	0	5
0	0	0	0	0	0	0	2	0	0	0	0	0	0	0	0	0	0	0	2	0	0	3	2	3	0	0	2	0	0	0	0	0	0	0	0	5	0	2	0	0	0	0	0	2	0	0	0	4	0	0	2	0	0	5	2	0	0	0	4	0	0	3	0	3	0	0	0	0	0	0	0	0	0	0	2	0	0	0	0	0	0	0	0	0	0	0	0	0	0	0	0	0	6	6	0	0	0	0	0	0	0	0	0	3	9	4	0	0	0	0	0	3	0	0	0	0	2	0	0	0	0	0	0	0	0	3	0	0	0	0	0	0	0	0	0	0	0	0	0	0	0	0	0	0	0	0	0	0	0	0	0
0	0	2	0	0	0	0	3	0	0	0	0	0	0	0	0	0	0	3	0	0	6	0	2	0	0	0	3	0	2	0	2	0	0	0	0	5	4	8	0	2	0	0	0	3	0	0	0	7	0	0	0	0	0	4	0	0	0	0	3	0	4	0	2	2	0	0	0	0	0	0	0	2	0	0	2	0	0	0	0	0	0	0	0	0	0	0	0	0	0	0	0	0	5	4	0	0	3	0	0	0	0	0	6	2	7	3	0	0	0	0	0	3	0	0	0	3	7	0	0	0	0	0	0	0	0	0	0	0	0	0	0	0	0	0	0	0	4	3	0	0	0	0	0	0	0	2	0	0	0	0	0
0	2	5	0	0	0	2	9	0	0	0	0	0	0	0	0	3	23	3	0	3	4	8	13	5	0	0	4	0	9	3	5	0	0	0	0	36	0	5	0	2	0	0	0	19	0	2	0	12	0	3	2	0	3	23	13	2	0	0	13	0	25	0	7	6	0	0	0	3	2	0	0	0	0	0	9	0	0	0	0	3	0	0	0	0	0	0	0	0	0	0	0	0	28	27	0	5	8	2	0	6	4	2	6	5	42	26	0	0	3	0	0	27	0	0	0	3	44	0	0	0	0	0	0	0	2	0	0	0	0	0	3	0	0	0	0	4	3	11	0	0	0	0	0	0	0	3	0	0	7	2	2
0	0	0	0	0	0	0	0	0	0	0	0	0	0	0	0	0	0	0	0	0	0	0	0	0	0	0	0	0	0	0	0	0	0	0	0	0	0	0	0	0	0	0	0	0	0	0	0	0	0	0	0	0	0	0	0	0	0	0	0	0	0	0	0	0	0	0	0	0	0	0	0	0	0	0	0	0	0	0	0	0	0	0	0	0	0	0	0	0	0	0	0	0	0	0	0	0	0	0	0	0	0	0	0	0	0	0	0	0	0	0	0	0	0	0	0	0	0	0	0	0	0	0	0	0	0	0	0	0	0	0	0	0	0	0	0	0	0	0	0	0	0	0	0	0	0	0	0	0	0	0	0
0	0	0	0	0	0	0	3	0	0	0	0	0	0	0	0	0	4	0	0	0	4	0	0	0	0	0	0	0	0	0	0	0	0	0	0	4	0	0	0	0	0	0	0	0	0	0	0	4	0	0	0	0	0	7	0	0	0	0	4	0	4	0	4	0	0	0	0	0	0	0	0	0	0	0	0	0	0	0	0	0	0	0	0	0	0	0	0	2	0	0	0	0	3	2	0	0	2	0	0	2	0	0	5	0	5	2	0	0	0	2	0	5	0	0	0	0	5	0	0	0	0	0	0	0	3	0	0	0	0	0	0	0	0	0	0	0	0	2	0	0	0	0	0	0	0	0	0	0	2	0	0
0	0	0	0	0	0	0	6	0	0	0	0	0	0	0	0	0	0	0	0	0	0	0	2	0	0	0	0	0	0	0	0	0	0	0	0	2	0	0	0	0	0	0	0	0	0	0	0	0	0	0	0	0	0	7	0	0	0	0	3	0	4	0	0	2	0	0	0	0	0	0	0	0	0	0	0	0	0	0	0	0	0	0	0	0	0	0	0	0	0	0	0	0	2	2	0	0	0	0	0	0	0	0	3	0	6	0	0	0	0	0	0	3	0	0	0	0	6	0	0	0	0	0	0	0	0	0	0	0	0	0	0	0	0	0	0	0	0	2	0	0	0	6	0	0	0	0	0	0	0	0	0
0	0	0	0	0	0	0	0	0	0	0	0	0	0	0	0	0	2	2	0	0	3	0	3	0	4	0	0	0	0	0	0	0	0	0	0	0	2	2	0	0	0	3	0	3	0	0	0	3	0	3	0	0	0	0	0	0	0	0	2	2	2	0	0	0	0	0	0	0	0	0	0	0	0	0	0	0	2	0	0	0	0	0	0	0	0	0	0	0	0	0	0	0	0	0	0	0	0	0	0	0	0	0	5	0	3	0	0	0	0	2	0	0	0	0	0	0	3	0	0	0	0	0	0	0	2	0	0	0	0	0	2	0	0	0	2	0	0	0	0	0	0	0	0	0	0	0	0	0	2	0	2
0	0	0	0	2	0	0	0	0	0	0	0	0	0	0	0	0	6	0	0	0	0	0	3	0	0	0	0	0	2	0	0	2	0	0	0	3	0	0	0	0	0	0	0	3	0	0	0	2	0	0	0	0	0	5	0	0	0	0	0	0	7	0	0	2	0	0	0	0	0	3	0	0	0	0	0	0	0	0	0	0	0	0	0	0	0	0	0	0	0	0	0	0	5	3	0	0	2	0	0	0	2	0	2	0	8	2	0	3	0	0	0	5	0	0	0	0	7	0	0	0	0	0	0	0	0	0	0	0	0	0	0	2	0	2	0	0	0	3	0	0	0	0	0	0	0	0	0	0	0	0	0
0	0	0	0	0	0	0	0	0	0	3	0	0	0	0	0	0	0	0	0	0	0	2	0	3	0	0	3	0	0	0	0	0	0	0	0	2	0	2	0	0	0	0	0	5	0	0	2	4	0	0	0	0	3	5	0	0	0	0	5	0	0	0	0	0	2	0	0	0	2	0	0	0	0	0	0	0	0	0	0	0	0	0	0	0	0	0	0	0	0	0	0	0	6	6	0	0	2	0	0	0	0	0	0	5	4	3	0	0	0	0	0	2	0	0	0	0	2	0	0	0	0	0	0	2	0	0	0	0	0	0	0	0	0	0	0	0	0	0	0	0	0	0	0	0	0	0	0	0	0	0	0
0	5	10	0	3	0	2	62	0	0	23	0	4	0	2	6	0	0	9	0	13	26	31	71	5	3	3	20	0	22	5	17	2	0	0	0	155	3	14	2	9	0	7	0	79	2	8	0	48	3	3	0	0	0	131	42	2	0	0	28	0	126	0	73	22	0	2	7	12	0	3	0	10	0	0	28	4	2	0	0	3	0	5	2	0	0	4	0	19	2	0	0	0	126	107	0	25	67	0	5	48	22	3	24	8	189	111	0	5	16	3	2	128	0	2	0	2	224	0	5	2	2	0	2	0	53	0	0	0	0	0	10	2	0	4	3	30	9	32	2	5	0	3	0	0	0	12	0	0	17	2	7
0	0	9	0	0	0	0	2	0	3	3	0	0	0	2	0	0	9	0	0	0	21	2	7	0	2	0	0	0	0	0	0	0	0	0	0	13	7	8	0	6	0	2	0	7	0	0	0	24	0	3	0	0	0	14	0	0	0	0	11	0	4	0	2	0	0	0	0	0	0	0	0	0	0	0	2	0	0	0	0	0	0	0	0	2	0	0	0	2	0	0	0	0	10	10	0	0	4	0	2	0	0	0	17	2	22	10	0	0	0	0	0	5	0	0	0	2	22	0	0	0	0	0	0	0	2	0	0	0	0	0	2	0	0	3	2	0	2	0	0	0	2	0	2	0	0	8	0	2	0	0	0
0	0	0	0	0	0	0	0	2	0	0	0	0	0	0	0	0	0	0	0	0	0	2	0	2	0	0	0	0	0	0	0	0	0	0	0	0	0	0	0	0	0	0	0	0	0	0	0	2	0	0	0	0	0	2	0	0	0	0	0	0	0	2	0	3	0	0	0	0	0	0	0	0	0	0	0	0	0	0	0	0	0	0	0	0	0	0	0	0	0	0	0	0	0	0	0	0	0	0	0	0	0	0	0	0	2	2	0	0	0	0	0	0	0	0	0	0	0	0	0	0	0	0	0	0	0	2	0	0	0	0	0	0	0	0	0	0	0	0	0	0	0	0	0	0	0	0	0	0	0	0	0
0	2	0	0	0	0	4	2	0	0	3	0	0	0	0	0	0	13	0	0	0	4	7	3	7	0	0	11	0	4	0	8	0	0	0	0	30	0	5	0	4	0	0	0	11	3	0	0	10	0	0	0	0	0	17	6	0	0	0	6	0	11	0	3	2	0	0	0	5	0	0	0	0	0	0	12	0	0	2	0	0	0	2	0	0	0	0	0	0	0	0	0	0	26	25	0	0	14	0	0	6	0	0	0	6	24	24	0	0	0	0	0	16	2	0	0	0	24	0	0	0	0	0	0	0	3	0	2	0	0	2	0	3	0	3	0	11	4	2	0	0	0	0	0	0	0	6	0	0	0	0	0
0	5	9	0	0	0	0	19	0	6	4	0	4	0	3	0	0	26	21	0	4	0	8	20	3	7	3	8	2	9	0	4	0	0	0	4	60	15	24	0	14	0	5	0	23	0	4	0	87	0	5	4	2	0	50	18	0	0	0	34	0	39	0	23	5	0	0	0	9	0	0	0	3	0	0	10	2	7	0	0	0	2	2	0	3	0	0	0	6	0	0	0	0	40	38	0	9	24	2	3	14	9	2	41	13	75	51	0	0	7	2	0	37	0	0	0	2	79	2	2	0	0	0	0	0	15	2	0	2	2	0	4	4	0	2	3	13	7	13	0	5	7	0	2	0	2	21	2	0	3	0	3
0	0	0	0	0	0	4	14	3	0	8	0	0	0	0	0	2	31	2	2	7	8	0	24	12	0	0	16	0	15	3	13	0	0	0	0	60	0	13	0	10	0	3	0	37	2	2	4	23	0	0	3	0	0	51	30	0	0	0	12	0	50	5	15	10	0	0	0	13	3	0	0	2	0	0	19	0	2	0	0	4	0	5	0	0	0	0	0	5	0	0	0	0	68	67	0	11	58	2	0	34	9	0	5	13	72	61	0	4	4	0	0	44	0	0	0	0	74	0	7	0	0	0	0	0	6	7	0	0	0	2	0	5	0	4	0	39	3	16	0	0	0	0	2	0	0	5	0	0	0	2	0
0	0	8	0	8	0	0	57	2	2	13	0	0	2	3	3	0	71	7	0	3	20	24	0	3	2	3	9	0	19	6	5	9	2	0	0	106	3	9	0	3	0	3	2	41	0	4	0	25	2	2	0	0	0	78	17	0	0	0	9	2	94	0	53	24	0	0	7	10	0	4	0	12	0	0	15	7	0	0	0	2	0	5	2	0	0	4	0	8	0	2	0	0	81	76	0	43	37	4	4	38	24	2	14	3	144	84	0	11	16	3	0	85	0	2	0	2	164	0	2	0	0	3	2	0	38	0	0	0	0	0	9	0	0	0	0	15	5	34	4	5	0	2	0	0	0	5	0	0	16	0	2
2	0	0	0	0	0	6	2	3	0	5	2	0	0	0	0	3	5	0	2	7	3	12	3	0	0	0	18	0	7	0	3	0	0	0	2	20	0	11	0	5	0	0	0	17	2	0	3	22	0	0	9	0	2	14	2	0	0	0	11	0	5	6	2	5	0	0	0	0	2	0	0	0	0	0	14	0	0	0	0	2	0	0	0	0	0	0	0	0	0	0	0	0	23	23	0	0	13	0	0	5	0	0	2	9	26	25	0	0	2	0	0	13	0	0	0	0	12	0	5	0	0	0	0	2	0	6	0	0	2	0	0	3	0	2	0	9	9	0	0	0	0	0	3	0	0	7	0	0	0	3	0
0	3	0	0	0	0	0	3	0	0	0	0	0	0	4	0	0	3	2	0	0	7	0	2	0	0	0	0	0	4	0	0	0	0	0	0	6	0	4	0	3	0	6	0	4	0	0	0	7	0	6	0	0	0	3	4	0	0	0	6	0	5	0	0	0	0	0	0	0	0	0	0	0	0	0	2	0	6	0	0	0	0	0	0	2	0	0	0	3	0	0	0	0	6	6	0	0	6	0	0	0	0	0	5	2	5	3	0	0	0	0	0	3	0	0	0	0	7	0	0	0	0	0	0	0	0	0	0	0	0	0	2	0	0	0	2	0	2	0	0	0	0	0	0	0	0	0	0	0	0	0	3
0	0	0	0	0	0	0	0	0	0	0	0	0	0	0	0	0	3	0	0	0	3	0	3	0	0	0	2	0	4	0	0	0	0	0	0	7	0	0	0	0	0	0	0	4	0	2	0	3	0	2	0	2	0	6	5	0	0	0	3	0	6	0	2	0	0	0	0	0	0	0	0	0	0	0	4	0	0	0	0	0	2	0	0	2	0	0	0	3	0	0	0	0	7	7	2	0	6	0	0	0	2	0	3	2	6	5	0	0	2	0	0	3	0	0	0	0	7	0	3	0	0	0	0	0	0	0	0	2	0	0	0	0	0	0	0	0	0	2	0	0	0	0	0	0	2	0	0	0	0	0	0
0	0	0	0	0	0	6	10	2	3	4	2	0	0	0	0	3	20	0	0	11	8	16	9	18	0	2	0	0	17	0	8	0	0	0	2	52	3	18	0	6	0	0	0	39	0	2	4	20	0	2	6	2	0	32	12	0	0	0	16	0	27	0	6	4	6	0	0	7	3	0	0	0	0	0	23	0	2	0	2	4	2	3	0	2	0	0	0	2	0	0	0	0	53	51	0	2	43	0	2	15	5	0	8	18	46	46	0	0	3	0	0	37	0	0	0	0	53	0	10	0	0	0	0	4	5	2	0	0	2	0	2	4	2	5	0	22	13	9	0	0	0	0	4	0	2	8	0	0	5	3	0
0	0	0	0	0	0	0	2	0	0	0	0	0	0	0	0	0	0	0	0	0	2	0	0	0	0	0	0	0	0	0	0	0	0	0	0	2	0	2	0	0	0	0	0	2	0	0	0	2	0	0	0	0	0	0	0	0	0	0	2	0	0	0	0	0	0	0	0	0	0	0	0	0	0	0	0	0	0	0	0	0	0	0	0	0	0	0	0	0	0	0	0	0	2	2	0	0	2	0	0	0	0	0	0	0	0	2	0	0	0	0	0	0	0	0	0	0	0	0	0	0	0	0	0	0	0	0	0	0	0	0	0	0	0	0	0	0	2	0	0	0	0	0	0	0	0	0	0	0	0	0	0
0	3	0	0	2	0	2	17	0	2	9	0	0	0	0	2	0	22	0	0	4	9	15	19	7	4	4	17	0	0	4	4	0	0	0	0	59	0	9	0	5	2	3	0	36	0	4	2	19	0	2	3	0	0	37	20	0	0	0	16	0	38	0	10	5	0	0	0	7	3	0	0	3	0	0	30	3	4	0	0	0	0	7	0	0	0	0	0	4	0	0	0	0	66	66	0	13	41	4	0	22	10	5	8	7	52	30	0	0	6	0	0	41	0	0	0	0	66	0	7	0	0	0	0	0	7	0	0	2	0	0	4	0	0	2	0	12	5	12	0	0	0	0	2	0	0	3	0	0	12	5	3
0	0	5	0	0	0	0	5	0	0	3	0	0	0	0	0	0	5	0	0	0	0	3	6	0	0	0	0	0	4	0	0	0	0	0	0	8	0	0	0	0	0	0	0	9	0	0	0	2	0	0	0	0	0	7	6	0	0	0	2	0	14	0	7	9	0	0	0	0	0	0	0	3	0	0	2	3	0	0	0	0	0	2	0	0	0	0	0	0	0	0	0	0	8	8	0	4	0	0	0	3	7	0	2	0	14	8	0	0	0	0	0	8	0	0	0	0	17	0	0	0	0	0	0	0	6	0	0	0	0	0	0	0	0	0	0	0	0	13	0	0	0	0	0	0	0	0	0	0	0	0	0
0	0	0	0	0	0	0	0	0	0	0	0	0	0	0	0	0	0	0	0	0	0	0	0	0	0	0	0	0	0	0	0	0	0	0	0	0	0	0	0	0	0	0	0	0	0	0	0	0	0	0	0	0	0	0	0	0	0	0	0	0	0	0	0	0	0	0	0	0	0	0	0	0	0	0	0	0	0	0	0	0	0	0	0	0	0	0	0	0	0	0	0	0	0	0	0	0	0	0	0	0	0	0	0	0	0	0	0	0	0	0	0	0	0	0	0	0	0	0	0	0	0	0	0	0	0	0	0	0	0	0	0	0	0	0	0	0	0	0	0	0	0	0	0	0	0	0	0	0	0	0	0
0	0	0	0	2	0	0	0	0	0	0	0	0	0	0	2	0	2	0	0	0	0	0	9	0	0	0	0	0	0	0	0	0	2	0	0	2	0	0	0	0	0	0	0	0	0	0	0	0	0	0	0	0	0	8	0	0	0	0	0	0	5	0	0	4	0	0	0	0	0	4	0	0	2	0	0	0	0	0	0	0	0	0	0	0	0	2	0	0	0	3	0	0	0	0	0	0	0	0	0	0	2	0	2	0	5	0	0	7	2	2	0	4	0	2	0	0	5	0	0	2	0	3	0	0	4	0	0	0	0	0	0	0	0	0	0	0	2	4	2	0	0	0	0	0	0	2	0	0	3	0	0
0	0	0	0	0	0	0	2	0	0	0	0	0	0	0	0	0	0	0	0	0	0	0	2	0	0	0	0	0	0	0	0	2	0	0	0	0	0	0	0	0	0	0	0	0	0	0	0	0	0	0	0	0	0	2	0	0	0	0	0	0	2	0	0	0	0	0	0	0	0	0	0	0	0	0	0	0	0	0	0	0	0	0	0	0	0	0	0	0	0	0	0	0	0	0	0	0	0	0	0	0	0	0	2	0	0	0	0	0	0	0	0	0	0	0	0	0	2	0	0	0	0	0	0	0	0	0	0	0	0	0	0	0	0	0	0	0	0	0	0	0	0	0	0	0	0	0	0	0	0	0	0
0	0	0	0	0	0	0	0	0	0	0	0	0	0	0	0	0	0	0	0	0	0	0	0	0	0	0	0	0	0	0	0	0	0	0	0	0	0	0	0	0	0	0	0	0	0	0	0	0	0	0	0	0	0	0	2	0	0	0	0	0	0	0	0	0	0	0	0	0	0	0	0	0	0	0	0	0	0	0	0	0	0	0	0	0	0	0	0	0	0	0	0	0	0	0	0	0	0	0	0	0	0	0	0	0	2	0	0	0	0	0	0	0	0	0	0	0	2	0	0	0	0	0	0	0	0	0	0	0	0	0	2	0	0	0	0	0	0	0	0	0	0	0	0	0	0	0	0	0	0	0	0
0	0	0	0	0	0	0	0	0	0	0	0	0	0	0	0	0	0	0	0	0	4	0	0	2	0	0	2	0	0	0	0	0	0	0	0	3	0	2	0	2	0	0	0	0	0	0	0	4	0	0	2	0	0	0	0	0	0	0	4	0	0	0	0	0	0	0	0	0	0	0	0	0	0	0	2	0	0	0	0	0	0	0	0	0	0	0	0	0	0	0	0	0	3	3	0	0	2	0	0	0	0	0	3	2	2	3	0	0	0	0	0	2	0	0	0	0	2	0	0	0	0	0	0	0	0	0	0	0	2	0	0	0	0	0	0	0	0	0	0	0	2	0	0	0	0	2	0	0	0	0	0
2	7	18	0	5	0	8	100	5	5	36	3	4	2	0	3	2	155	13	0	30	60	60	106	20	6	7	52	2	59	8	34	2	0	0	3	0	7	34	0	18	2	7	0	157	2	14	4	102	3	6	12	3	0	212	78	0	0	2	63	0	206	2	84	27	6	0	4	37	4	0	2	10	0	0	74	6	8	0	0	8	2	11	0	2	0	0	0	19	4	0	0	2	289	282	2	40	153	6	8	83	41	8	34	30	372	276	2	4	26	2	2	217	0	0	0	3	414	0	14	4	2	2	3	4	55	2	0	2	2	3	12	7	2	6	3	70	13	64	0	6	5	4	4	0	2	19	3	2	19	4	7
0	0	3	0	0	0	0	0	0	4	0	0	0	0	2	0	0	3	7	0	0	15	0	3	0	0	0	3	0	0	0	0	0	0	0	0	7	0	6	0	4	0	0	0	4	0	0	0	12	0	0	0	0	0	11	4	0	0	0	3	0	8	0	5	3	0	0	0	3	0	0	0	0	0	0	3	0	0	0	0	0	0	2	0	0	0	0	0	0	0	0	0	0	5	5	0	0	4	0	0	3	0	0	14	2	12	9	0	0	0	2	0	4	0	0	0	2	13	0	0	0	0	0	0	0	4	0	0	0	0	0	2	0	0	0	0	5	2	2	0	0	0	0	0	0	0	3	0	0	2	0	0
0	4	3	0	0	0	3	12	2	8	5	0	0	0	2	0	2	14	8	0	5	24	13	9	11	4	0	18	2	9	0	4	0	0	0	2	34	6	0	2	17	0	6	0	24	0	0	4	58	0	2	9	0	0	34	2	0	0	0	38	0	13	0	8	4	2	0	0	3	4	0	0	2	0	0	11	0	4	0	0	2	0	0	0	2	0	0	0	0	0	0	0	0	43	40	0	2	20	0	0	7	0	8	17	11	45	28	0	0	2	0	0	22	0	0	0	4	43	0	9	0	0	0	0	2	6	2	0	0	2	0	2	4	0	7	0	8	17	10	0	0	6	0	3	0	0	17	0	0	5	2	2
0	0	0	0	0	0	0	0	0	0	0	0	0	0	0	0	0	2	0	0	0	0	0	0	0	0	0	0	0	0	0	0	0	0	0	0	0	0	2	0	0	0	0	0	0	0	0	0	2	0	0	0	0	0	2	0	0	0	0	2	0	0	0	0	0	0	0	0	0	0	0	0	0	0	0	0	0	0	0	0	0	0	0	0	0	0	0	0	0	0	0	0	0	0	0	0	0	0	0	0	0	0	0	0	0	0	0	0	0	0	0	0	0	0	0	0	0	2	0	0	0	0	0	0	0	0	0	0	0	0	0	0	0	0	0	0	0	0	0	0	0	0	0	0	0	0	0	0	0	0	0	0
0	3	0	0	0	0	2	2	0	2	2	0	0	0	0	0	0	9	6	0	4	14	10	3	5	3	0	6	0	5	0	2	0	0	0	2	18	4	17	0	0	0	6	0	5	0	0	0	28	0	2	5	0	0	14	3	0	0	0	20	0	5	0	4	0	0	0	0	0	0	0	0	0	0	0	6	0	3	0	0	0	0	0	0	0	0	0	0	2	0	0	0	0	18	18	0	0	14	0	0	4	0	0	6	5	18	10	0	0	0	0	0	11	0	0	0	0	17	0	0	0	0	0	0	0	2	2	0	0	0	0	0	4	0	7	0	4	0	0	0	0	2	0	0	0	0	4	0	0	0	0	2
0	0	0	0	0	0	0	0	0	0	0	0	0	0	0	0	0	0	0	0	0	0	0	0	0	0	0	0	0	2	0	0	0	0	0	0	2	0	0	0	0	0	0	0	0	0	0	0	0	0	0	0	0	0	0	0	0	0	0	0	0	0	0	0	0	0	0	0	0	0	0	0	0	0	0	2	0	0	0	0	0	0	0	0	0	0	0	0	0	0	0	0	0	0	0	0	0	2	0	0	0	0	0	0	0	2	0	0	0	0	0	0	2	0	0	0	0	2	0	0	0	0	0	0	0	0	0	0	0	0	0	0	0	0	0	0	2	0	0	0	0	0	0	0	0	0	0	0	0	0	0	0
0	2	0	0	0	0	0	2	0	0	0	0	0	0	3	0	0	7	2	0	0	5	3	3	0	6	0	0	0	3	0	2	0	0	0	0	7	0	6	0	6	0	0	0	3	0	0	0	10	0	4	0	0	0	9	3	0	0	0	5	0	3	0	2	0	0	0	0	0	0	0	0	0	0	0	2	0	5	0	0	0	0	0	2	0	0	0	0	2	0	0	0	0	11	10	0	0	8	0	0	3	0	0	4	0	10	4	0	0	0	0	0	7	0	0	0	0	11	0	0	0	0	0	0	0	2	0	0	0	0	0	3	0	0	0	2	0	0	0	0	0	0	0	0	0	0	0	0	0	0	0	3
0	0	0	0	0	0	0	0	0	0	0	0	0	0	0	0	0	0	0	0	0	0	0	2	0	0	0	0	0	0	0	0	0	0	0	0	0	0	0	0	0	0	0	0	0	0	0	0	0	0	0	0	0	0	0	0	0	0	0	0	0	0	0	2	0	0	0	0	0	0	0	0	0	0	0	0	0	0	0	0	0	0	0	0	0	0	0	0	0	0	0	0	0	0	0	0	0	0	0	0	0	0	0	0	0	2	0	0	2	0	0	0	2	0	0	0	0	2	0	0	0	0	0	0	0	2	0	0	0	0	0	0	0	0	0	0	0	0	0	0	0	0	0	0	0	0	0	0	0	0	0	0
2	2	10	0	2	0	3	43	2	3	19	0	0	0	3	3	5	79	7	0	11	23	37	41	17	4	4	39	2	36	9	15	0	0	0	0	157	4	24	0	5	0	3	0	0	2	7	3	66	2	3	5	0	2	108	29	2	0	0	37	0	102	0	34	16	2	0	6	12	2	0	0	9	0	2	33	5	3	0	0	5	0	5	0	0	0	0	0	9	0	0	0	0	146	142	0	22	88	3	0	48	20	8	15	17	176	148	0	4	12	0	2	101	0	0	0	3	186	0	13	0	0	0	0	3	28	0	0	2	0	2	10	4	0	0	2	42	10	34	0	2	2	2	2	0	0	12	2	0	19	5	5
0	0	0	0	0	0	0	0	0	0	0	0	0	0	0	0	0	2	0	0	3	0	2	0	2	0	0	0	0	0	0	2	0	0	0	0	2	0	0	0	0	0	0	0	2	0	0	0	0	0	0	0	0	0	3	0	0	0	0	0	0	0	0	0	0	0	0	0	0	0	0	0	0	0	0	2	0	0	0	0	0	0	0	0	0	0	0	0	0	0	0	0	0	3	3	0	0	2	0	0	0	0	0	0	0	2	2	0	0	0	0	0	2	0	0	0	0	3	0	0	0	0	0	0	0	0	0	0	0	0	0	0	2	0	0	0	3	0	0	0	0	0	0	0	0	0	0	0	0	0	0	0
0	0	0	0	0	0	0	4	0	0	2	0	0	0	0	0	0	8	0	0	0	4	2	4	0	0	2	2	0	4	0	0	0	0	0	0	14	0	0	0	0	0	0	0	7	0	0	0	4	2	2	0	0	0	11	6	0	0	0	2	0	9	0	4	0	0	0	0	2	0	0	0	0	0	0	7	0	0	0	0	0	0	0	0	0	0	0	0	3	0	0	0	0	14	12	0	3	11	0	0	5	5	0	3	2	16	11	0	0	4	0	2	10	0	0	0	0	15	0	0	0	0	0	0	0	4	0	0	0	0	0	4	0	0	0	0	0	0	7	0	0	0	3	0	0	0	0	0	0	0	0	4
0	0	0	0	0	0	0	0	0	0	0	0	0	0	0	0	2	0	0	0	0	0	4	0	3	0	0	4	0	2	0	0	0	0	0	0	4	0	4	0	0	0	0	0	3	0	0	0	3	0	0	2	0	0	3	0	0	0	0	4	0	0	0	0	0	2	0	0	0	4	0	0	0	0	0	2	0	0	0	0	0	0	0	0	0	0	0	0	0	0	0	0	0	4	4	0	0	3	0	0	0	0	0	0	3	4	3	0	0	0	0	0	4	0	0	0	0	3	0	2	0	0	0	0	2	0	0	0	0	0	0	0	2	0	0	0	2	0	0	0	0	0	0	2	0	0	0	0	0	0	0	0
0	7	9	0	0	0	4	32	4	7	12	0	4	0	3	2	4	48	24	2	10	87	23	25	22	7	3	20	2	19	2	8	0	0	0	4	102	12	58	2	28	0	10	0	66	0	4	3	0	0	5	10	2	2	91	24	0	0	0	78	0	52	3	28	8	0	0	0	9	2	0	0	3	0	0	22	3	7	0	0	2	2	3	0	3	0	0	0	6	0	0	0	2	88	85	0	9	41	2	5	24	8	9	42	23	126	87	0	0	7	2	0	63	0	0	0	2	123	2	8	0	0	0	0	2	15	4	0	2	2	0	5	5	0	10	3	23	15	21	0	5	8	0	3	0	2	33	2	0	7	4	4
0	0	0	0	0	0	0	3	0	0	0	0	0	0	0	0	0	3	0	0	0	0	0	2	0	0	0	0	0	0	0	0	0	0	0	0	3	0	0	0	0	0	0	0	2	0	2	0	0	0	0	0	0	0	3	3	0	0	0	0	0	2	0	3	0	0	0	0	0	0	0	0	0	0	0	2	0	0	0	0	0	0	0	0	0	0	0	0	0	0	0	0	0	4	3	0	2	2	0	0	2	2	0	0	0	4	3	0	0	2	0	2	3	0	0	0	0	4	0	0	0	0	0	0	0	3	0	0	0	0	0	0	0	0	0	0	0	0	2	0	0	0	2	0	0	0	0	0	0	0	0	3
0	0	0	0	0	0	0	0	0	0	3	0	0	0	3	0	0	3	3	0	0	5	0	2	0	6	2	2	0	2	0	0	0	0	0	0	6	0	2	0	2	0	4	0	3	0	2	0	5	0	0	0	2	0	3	5	0	0	0	5	0	3	0	2	0	0	0	0	0	0	0	0	0	0	0	2	0	4	0	0	0	2	0	2	3	0	0	0	3	0	0	0	0	6	5	0	2	5	0	0	0	0	0	4	3	5	0	0	0	0	0	0	2	0	0	0	2	7	0	2	0	0	0	0	0	2	0	0	0	0	0	4	0	0	0	2	0	2	0	0	0	0	0	2	0	2	0	0	0	2	0	2
0	0	0	0	0	0	3	0	2	0	2	0	0	0	0	0	0	0	0	0	0	4	3	0	9	0	0	6	0	3	0	0	0	0	0	2	12	0	9	0	5	0	0	0	5	0	0	2	10	0	0	0	0	0	4	0	0	0	0	11	0	2	0	0	0	0	0	0	0	2	0	0	0	0	0	9	0	0	0	0	0	0	0	0	0	0	0	0	0	0	0	0	0	10	10	0	0	7	0	0	0	0	0	2	10	11	7	0	0	0	0	0	6	0	0	0	0	6	0	3	0	0	0	0	2	0	0	0	0	2	0	0	3	0	0	0	3	0	0	0	0	0	0	2	0	0	0	0	0	0	0	0
0	0	0	0	0	0	2	0	0	0	0	0	0	0	0	0	0	0	0	0	0	2	0	0	0	0	2	2	0	0	0	0	0	0	0	0	3	0	0	0	0	0	0	0	0	0	0	0	2	0	2	0	0	0	0	2	0	0	0	2	0	0	0	0	0	0	0	0	0	0	0	0	0	0	0	2	0	0	0	0	0	2	0	0	2	0	0	0	0	0	0	0	0	2	2	0	0	3	0	0	0	0	0	0	2	0	2	0	0	0	0	0	0	0	0	0	0	3	0	0	0	0	0	0	0	0	0	0	0	0	0	0	0	0	0	0	0	0	0	0	0	0	0	0	0	2	0	0	0	0	0	0
0	0	0	0	0	0	0	0	0	0	3	0	0	0	0	0	3	0	0	0	0	0	0	0	2	0	0	0	0	0	0	0	0	0	0	0	0	0	0	0	0	0	0	0	2	0	0	0	2	0	0	0	0	0	3	0	0	0	0	3	0	0	0	0	0	0	0	0	0	0	0	0	0	0	0	0	0	0	0	0	0	0	0	0	0	0	0	0	0	0	0	0	0	3	3	0	0	0	0	0	0	0	0	0	3	2	2	0	0	0	0	0	0	0	0	0	0	0	0	0	0	0	0	0	0	0	0	0	0	0	0	0	0	0	0	0	0	0	0	0	0	0	0	0	0	0	0	0	0	0	0	0
0	7	16	0	5	0	5	75	5	4	22	0	7	7	0	5	5	131	14	2	17	50	51	78	14	3	6	32	0	37	7	22	8	2	0	0	211	11	34	2	14	0	9	0	108	3	11	3	91	3	2	4	0	3	0	49	0	0	0	58	0	181	7	81	28	2	2	7	20	3	5	0	14	0	0	37	7	4	0	2	7	0	10	2	0	0	5	0	18	3	2	0	3	185	172	0	30	92	5	11	61	34	13	39	25	299	153	0	10	29	3	2	185	0	2	0	2	305	0	14	4	0	0	3	0	62	6	0	0	0	0	12	6	0	6	2	47	7	86	5	6	0	8	2	0	0	23	0	0	23	6	7
0	3	3	0	0	0	0	20	2	0	13	0	0	0	0	0	0	42	0	0	6	18	30	17	2	4	5	12	0	20	6	39	0	0	2	0	78	4	2	0	3	0	3	0	29	0	6	0	24	3	5	0	2	0	49	0	0	0	0	10	0	64	0	37	11	0	0	2	12	0	0	0	0	0	0	21	2	3	0	0	3	2	9	0	2	0	0	0	14	3	0	0	0	63	61	2	14	39	2	3	32	17	0	19	13	81	58	0	0	5	0	2	55	0	0	0	2	103	0	7	2	2	0	2	2	16	0	0	2	0	0	5	0	0	2	0	18	3	21	0	0	0	2	2	0	2	2	0	0	6	0	7
0	0	0	0	0	0	0	0	0	0	2	0	0	0	0	0	0	2	0	0	0	0	0	0	0	0	0	0	0	0	0	0	0	0	0	0	0	0	0	0	0	0	0	0	2	0	0	0	0	0	0	0	0	0	0	0	0	0	0	0	0	2	0	0	0	0	0	0	0	0	0	0	0	0	0	0	0	0	0	0	0	0	0	0	0	0	0	0	0	0	0	0	0	2	2	0	0	0	0	0	0	0	0	0	0	2	0	0	0	0	0	0	0	0	0	0	0	0	0	0	0	0	0	0	0	0	0	0	0	0	0	0	0	0	0	0	0	0	0	0	0	0	0	0	0	0	0	0	0	0	0	0
0	0	0	0	0	0	0	0	0	0	0	0	0	0	0	0	0	0	0	0	0	0	0	0	0	0	0	0	0	0	0	0	0	0	0	0	0	0	0	0	0	0	0	0	0	0	0	0	0	0	0	0	0	0	0	0	0	0	0	0	0	0	0	0	0	0	0	0	0	0	0	0	0	0	0	0	0	0	0	0	0	0	0	0	0	0	0	0	0	0	0	0	0	0	0	0	0	0	0	0	0	0	0	0	0	4	0	0	0	0	0	0	0	0	0	0	0	3	0	0	0	0	0	0	0	0	0	0	0	0	0	0	0	0	0	0	0	0	0	0	0	0	0	0	0	0	0	0	0	0	0	0
0	0	0	0	0	0	0	0	0	0	0	0	0	0	0	0	0	0	0	0	0	0	0	0	0	0	0	0	0	0	0	0	0	0	0	0	2	0	0	0	0	0	0	0	0	0	0	0	0	0	0	0	0	0	0	0	0	0	0	0	0	0	0	0	0	0	0	0	2	0	0	0	0	0	0	0	0	0	0	0	0	0	0	0	0	0	0	0	0	0	0	0	0	0	0	0	0	2	0	0	2	0	0	0	0	0	2	2	0	0	0	0	0	0	0	0	0	2	0	0	0	0	0	0	0	0	0	0	0	0	0	0	0	0	0	0	2	0	0	0	0	0	0	0	0	0	0	0	0	0	0	0
0	9	6	0	0	0	4	23	4	3	13	2	4	3	2	0	5	28	11	0	6	34	12	9	11	6	3	16	2	16	2	4	0	0	0	4	63	3	38	2	20	0	5	0	37	0	2	4	78	0	5	11	2	3	58	10	0	0	0	0	0	27	0	14	6	4	0	0	3	3	0	0	2	0	0	16	2	4	0	0	3	2	0	0	2	0	0	0	5	0	0	0	3	58	55	0	3	27	0	4	6	3	7	24	20	72	42	0	0	5	3	0	35	0	0	0	0	68	0	7	0	0	0	0	4	10	3	0	0	2	0	4	6	0	8	0	12	8	14	0	0	8	3	3	0	2	13	3	0	5	2	3
0	0	0	0	0	0	0	0	0	0	0	0	0	0	2	0	0	0	0	0	0	0	0	2	0	0	0	0	0	0	0	0	0	0	0	0	0	0	0	0	0	0	0	0	0	0	0	0	0	0	0	0	0	0	0	0	0	0	0	0	0	0	0	0	0	0	0	0	0	0	0	0	0	0	0	0	0	0	0	0	0	0	0	0	0	0	0	0	0	0	0	0	0	0	0	0	0	0	0	0	0	0	0	2	0	0	0	0	0	0	0	0	0	0	0	0	0	0	0	0	0	0	0	0	0	2	0	0	0	0	0	0	0	0	0	0	0	0	0	0	0	0	0	0	0	0	0	0	0	0	0	0
0	5	19	2	5	0	3	87	0	4	25	0	4	4	2	7	0	126	4	0	11	39	50	94	5	5	6	27	0	38	14	19	5	2	0	0	206	8	13	0	5	0	3	0	102	0	9	0	52	2	3	2	0	0	181	64	2	0	0	27	0	0	0	98	27	0	0	4	24	2	5	0	12	0	0	37	6	6	0	0	4	0	7	0	0	2	5	0	18	3	0	0	0	147	133	0	49	89	4	7	69	44	4	30	14	284	149	0	7	29	2	2	184	0	2	2	2	315	0	12	3	2	3	2	0	59	0	0	2	0	0	10	4	0	3	0	39	8	96	3	7	0	6	2	2	0	16	0	0	18	3	8
0	0	0	0	0	0	0	0	3	0	0	0	0	0	0	0	0	0	0	2	0	0	5	0	6	0	0	0	0	0	0	0	0	0	0	0	2	0	0	0	0	0	0	0	0	0	0	0	3	0	0	0	0	0	7	0	0	0	0	0	0	0	0	0	5	0	0	0	0	0	0	0	0	0	0	0	0	0	0	0	0	0	0	0	0	0	0	0	0	0	0	0	0	2	2	0	0	0	0	0	0	0	0	0	0	7	5	0	0	0	0	0	2	0	0	0	0	0	0	0	0	0	0	0	0	0	5	0	0	0	0	0	0	0	0	0	0	0	0	0	0	0	0	0	0	0	0	0	0	0	2	0
0	3	14	0	2	0	0	46	0	2	7	0	4	0	0	0	0	73	2	0	3	23	15	53	2	0	2	6	0	10	7	10	0	0	0	0	84	5	8	0	4	0	2	2	34	0	4	0	28	3	2	0	0	0	81	37	0	0	0	14	0	98	0	0	24	0	0	5	11	0	0	0	10	0	0	17	3	0	0	0	0	0	4	2	0	0	2	0	8	0	0	0	2	77	65	0	26	33	2	5	26	26	0	13	6	124	61	0	4	16	2	2	87	0	0	0	0	140	0	3	0	0	0	0	0	83	0	0	0	0	0	11	0	0	2	2	15	4	53	2	6	3	3	0	0	0	8	0	0	11	0	6
0	0	12	0	4	0	0	15	3	2	6	0	0	2	0	2	0	22	0	3	2	5	10	24	5	0	0	4	0	5	9	8	4	0	0	0	27	3	4	0	0	0	0	0	16	0	0	0	8	0	0	0	0	0	28	11	0	0	0	6	0	27	5	24	0	0	0	3	6	0	4	0	7	0	0	3	4	0	0	0	0	0	2	0	0	0	3	0	4	0	0	2	0	14	13	0	14	11	0	0	14	14	0	7	2	38	27	0	6	7	2	0	18	0	2	0	0	41	0	0	0	0	0	0	0	21	5	0	0	0	0	4	0	0	0	0	6	4	19	4	2	2	0	0	0	0	5	0	0	6	0	0
0	0	0	0	0	0	0	0	0	0	0	0	0	0	0	0	2	0	0	0	0	0	0	0	0	0	0	6	0	0	0	0	0	0	0	0	6	0	2	0	0	0	0	0	2	0	0	2	0	0	0	0	0	0	2	0	0	0	0	4	0	0	0	0	0	0	0	0	0	2	0	0	0	0	0	2	0	0	0	0	0	0	0	0	0	0	0	0	0	0	0	0	0	3	3	0	0	4	0	0	0	0	0	0	3	4	3	0	0	0	0	0	3	0	0	0	0	2	0	0	0	0	0	0	3	0	0	0	0	0	0	0	0	0	2	0	0	0	0	0	0	0	0	2	0	0	0	0	0	0	0	0
0	0	0	0	0	0	0	2	0	0	0	0	0	0	0	0	0	2	0	0	0	0	0	0	0	0	0	0	0	0	0	0	0	0	0	0	0	0	0	0	0	0	0	0	0	0	0	0	0	0	0	0	0	0	2	0	0	0	0	0	0	0	0	0	0	0	0	0	0	0	0	0	0	0	0	0	0	0	0	0	0	0	0	0	0	0	0	0	0	0	0	0	0	0	0	0	0	0	0	0	0	0	0	0	0	0	0	0	0	0	0	0	2	0	0	0	0	2	0	0	0	0	0	0	0	0	0	0	0	0	0	0	0	0	0	0	0	0	0	0	0	0	0	0	0	0	0	0	0	0	0	0
0	0	3	0	0	0	0	2	0	0	0	0	0	0	0	0	0	7	0	0	0	0	0	7	0	0	0	0	0	0	0	0	0	0	0	0	4	0	0	0	0	0	0	0	6	0	0	0	0	0	0	0	0	0	7	2	0	0	0	0	0	4	0	5	3	0	0	0	0	0	0	0	3	0	0	0	0	0	0	0	0	0	0	0	0	0	0	0	5	0	0	0	0	3	3	0	0	0	0	0	3	0	0	0	0	4	3	0	0	0	0	0	4	0	0	0	0	9	0	0	0	0	0	0	0	0	0	0	0	0	0	5	0	0	0	0	0	0	0	0	0	0	0	0	0	0	0	0	0	0	0	0
0	0	2	0	0	0	0	4	0	0	3	0	0	0	0	0	0	12	0	0	5	9	13	10	0	0	0	7	0	7	0	3	0	0	0	0	37	3	3	0	0	0	0	0	12	0	2	0	9	0	0	0	0	0	21	12	0	0	2	3	0	24	0	11	6	0	0	0	0	0	0	0	0	0	0	7	0	0	0	0	0	0	4	0	0	0	0	0	2	0	0	0	0	24	22	0	5	21	2	0	34	6	0	6	7	29	28	2	0	3	0	0	14	0	0	0	0	35	0	4	0	0	2	0	0	9	0	0	0	0	0	3	0	0	0	0	18	2	10	0	0	2	0	0	0	0	4	0	0	0	0	0
0	0	0	0	0	0	0	0	0	0	2	0	0	0	0	0	2	0	0	0	0	0	3	0	2	0	0	3	0	3	0	0	0	0	0	0	4	0	4	0	0	0	0	0	2	0	0	4	2	0	0	2	0	0	3	0	0	0	0	3	0	2	0	0	0	2	0	0	0	0	0	0	0	0	0	0	0	0	0	0	0	0	0	0	0	0	0	0	0	0	0	0	0	5	5	0	0	2	0	0	0	0	0	0	2	3	2	0	0	0	0	0	5	0	0	0	0	4	0	2	0	0	0	0	2	0	0	0	0	0	0	0	0	0	0	0	2	0	0	0	0	0	0	2	0	0	0	0	0	0	0	0
0	0	0	0	2	0	0	0	0	0	0	0	0	0	0	3	0	3	0	0	0	0	0	4	0	0	0	0	0	0	0	0	4	0	0	0	0	0	0	0	0	0	0	0	0	0	0	0	0	0	0	0	0	0	5	0	0	0	0	0	0	5	0	0	4	0	0	0	0	0	0	0	0	2	0	0	0	0	0	0	0	0	0	0	0	0	2	0	0	0	0	0	0	0	0	0	0	0	0	0	0	4	0	2	0	4	0	0	6	2	2	0	3	0	2	0	0	3	0	0	0	0	0	0	0	2	0	0	0	0	0	0	0	0	0	0	0	2	3	3	0	0	0	0	0	0	2	0	0	0	0	0
0	0	0	0	0	0	0	2	0	0	0	0	0	0	0	0	0	0	0	0	0	0	0	0	0	0	0	0	0	0	0	0	0	0	0	0	2	0	0	0	0	0	0	0	0	0	0	0	0	0	0	0	0	0	0	0	0	0	0	0	0	0	0	0	0	0	0	0	0	0	0	0	0	0	0	0	0	0	0	0	0	0	0	0	0	0	0	0	0	0	0	0	0	2	2	0	0	0	0	0	0	0	0	0	0	0	2	0	0	0	0	0	0	0	0	0	0	2	0	0	0	0	0	0	0	0	0	0	0	0	0	0	0	0	0	0	0	0	0	0	0	0	0	0	0	0	0	0	0	0	0	0
0	0	7	0	2	0	0	5	0	2	0	0	0	0	0	0	0	10	0	0	0	3	2	12	0	0	0	0	0	3	3	2	0	0	0	0	10	0	2	0	0	0	0	0	9	0	0	0	3	0	0	0	0	0	14	0	0	0	0	2	0	12	0	10	7	0	0	3	0	0	0	0	0	0	0	3	4	0	0	0	0	0	3	0	0	0	0	0	4	0	0	0	0	11	10	0	7	6	2	0	4	2	0	2	0	15	7	0	0	5	0	0	11	0	0	0	0	18	0	0	0	0	0	0	0	4	0	0	0	0	0	3	0	0	0	0	0	0	10	0	0	0	0	0	0	0	0	0	0	5	0	0
0	0	0	0	0	0	0	0	0	0	0	0	0	0	0	0	0	0	0	0	0	0	0	0	0	0	0	0	0	0	0	0	2	0	0	0	0	0	0	0	0	0	0	0	0	0	0	0	0	0	0	0	0	0	0	0	0	0	0	0	0	0	0	0	0	0	0	0	0	0	2	0	0	0	0	0	0	0	0	0	0	0	0	0	0	0	0	0	0	0	0	0	0	0	0	0	0	0	0	0	0	0	0	2	0	0	0	0	2	0	2	0	0	0	0	0	0	0	0	0	0	0	0	0	0	0	0	0	0	0	0	0	0	0	0	0	0	0	0	0	0	0	0	0	0	0	0	0	0	0	0	0
0	0	0	0	0	0	0	0	0	0	0	0	0	0	0	0	0	0	0	0	0	0	0	0	0	0	0	0	0	0	0	0	0	0	0	0	0	0	0	0	0	0	0	0	2	0	0	0	0	0	0	0	0	0	0	0	0	0	0	0	0	0	0	0	0	0	0	0	0	0	0	0	0	0	0	0	0	0	0	0	0	0	0	0	0	0	0	0	0	0	0	0	0	2	2	0	0	0	0	0	0	0	0	0	0	0	0	0	0	0	0	0	0	0	0	0	0	0	0	0	0	0	0	0	0	0	0	0	0	0	0	0	0	0	0	0	0	0	0	0	0	0	0	0	0	0	0	0	0	0	0	0
0	3	0	0	2	0	5	8	2	2	9	2	0	0	0	0	0	28	2	0	12	10	19	15	14	2	4	23	0	30	2	11	0	0	0	2	74	3	11	0	6	2	2	0	33	2	7	2	22	2	2	9	2	0	37	21	0	0	0	16	0	37	0	17	3	2	0	0	7	0	0	0	3	0	0	0	2	3	2	0	2	2	8	0	2	0	0	0	5	2	0	0	0	68	68	0	13	58	5	0	17	9	0	8	13	64	52	0	0	9	0	2	52	2	0	0	0	65	0	8	0	0	0	0	3	7	0	0	2	2	2	2	3	0	5	0	24	5	13	0	0	0	2	3	0	2	5	0	0	8	0	3
0	0	0	0	3	0	0	4	0	0	0	0	0	0	0	0	0	4	0	0	0	2	0	7	0	0	0	0	0	3	3	0	0	0	0	0	6	0	0	0	0	0	0	0	5	0	0	0	3	0	0	0	0	0	7	2	0	0	0	2	0	6	0	3	4	0	0	0	0	0	0	0	4	0	0	2	0	0	0	0	0	0	2	0	0	0	2	0	0	0	0	0	0	7	6	0	5	3	2	0	2	2	0	2	0	11	5	0	0	4	0	0	7	0	0	0	0	10	0	0	0	0	0	0	0	3	0	0	0	0	0	0	0	0	0	0	0	0	4	0	0	0	0	0	0	0	2	0	0	0	0	0
0	2	0	0	0	0	0	2	0	0	0	0	0	0	2	0	0	2	0	0	0	7	2	0	0	6	0	2	0	4	0	2	0	0	0	0	8	0	4	0	3	0	5	0	3	0	0	0	7	0	4	0	0	0	4	3	0	0	0	4	0	6	0	0	0	0	0	0	0	0	0	0	0	0	0	3	0	0	0	0	0	0	0	0	2	0	0	0	0	0	0	0	0	7	7	0	0	5	0	0	0	2	0	4	0	5	6	0	0	0	0	0	5	0	0	0	0	8	0	0	0	0	0	0	0	0	0	0	0	0	0	2	0	0	0	0	0	0	0	0	0	0	0	0	0	0	0	0	0	0	0	0
0	0	0	0	0	0	2	0	0	0	0	0	0	0	0	0	0	0	0	0	2	0	0	0	0	0	0	0	0	0	0	0	0	0	0	0	0	0	0	0	0	0	0	0	0	0	0	0	0	0	0	0	0	0	0	0	0	0	0	0	0	0	0	0	0	0	0	0	0	0	0	0	0	0	0	2	0	0	0	0	0	0	0	0	0	0	0	0	0	0	0	0	0	0	0	0	0	0	0	0	0	0	0	0	0	2	0	0	0	0	0	0	2	2	0	0	0	0	0	0	0	0	0	0	0	0	0	0	0	0	0	0	0	0	0	0	0	0	0	0	0	0	0	0	0	0	0	0	0	0	0	0
0	0	0	0	0	0	0	0	0	0	0	0	0	0	0	0	0	0	0	0	0	0	0	0	0	0	0	2	0	0	0	2	0	0	0	0	0	0	0	0	0	0	0	0	0	0	0	0	0	0	0	0	0	0	2	0	0	0	0	0	0	0	0	0	0	0	0	0	0	0	0	0	0	0	0	0	0	0	0	0	2	0	0	0	0	0	0	0	0	0	0	0	0	2	2	0	0	0	0	0	0	0	0	0	0	0	0	0	0	0	0	0	0	0	0	0	0	0	0	0	0	0	0	0	0	0	0	0	0	0	0	0	0	0	0	0	0	0	0	0	0	0	0	0	0	0	0	0	0	0	0	0
0	0	0	0	0	0	2	0	0	0	3	0	0	0	0	0	0	3	0	0	0	0	4	2	2	0	0	4	0	0	0	3	0	0	0	0	8	0	2	0	0	0	0	0	5	0	0	0	2	0	0	0	0	0	7	3	0	0	0	3	0	4	0	0	0	0	0	0	0	0	0	0	0	0	0	2	0	0	0	2	0	0	0	0	0	0	0	0	0	0	0	0	0	5	4	0	0	4	0	0	3	0	0	0	0	9	6	0	0	0	0	0	6	0	0	0	0	9	0	0	0	0	0	0	0	0	0	0	0	0	0	0	2	0	3	0	2	3	0	0	0	0	0	0	0	0	0	0	0	0	0	0
0	0	0	0	0	0	0	0	0	0	0	0	0	0	0	0	0	0	0	0	0	2	0	0	0	0	2	2	0	0	0	0	0	0	0	0	2	0	0	0	0	0	0	0	0	0	0	0	2	0	2	0	2	0	0	2	0	0	0	2	0	0	0	0	0	0	0	0	0	0	0	0	0	0	0	2	0	0	0	0	0	0	0	0	2	0	0	0	0	0	0	0	0	2	2	0	0	2	0	0	0	0	0	0	2	0	0	0	0	0	0	0	0	0	0	0	0	2	0	0	0	0	0	0	0	0	0	0	0	0	0	0	0	0	0	0	0	0	0	0	0	0	0	0	0	2	0	0	0	0	0	0
0	0	0	0	2	0	0	3	0	0	0	0	0	0	0	0	0	5	0	0	2	2	5	5	0	0	0	3	0	7	2	4	0	0	0	0	11	2	0	0	0	0	0	0	5	0	0	0	3	0	0	0	0	0	10	9	0	0	0	0	0	7	0	4	2	0	0	0	4	0	0	0	3	0	0	8	2	0	0	0	0	0	0	0	0	0	0	0	3	0	0	0	0	13	13	0	3	12	2	0	3	2	0	2	4	13	11	0	0	2	0	0	8	0	0	0	0	12	0	3	0	0	0	0	0	2	0	0	0	0	0	0	0	0	0	0	3	0	4	0	0	0	0	0	0	0	0	0	0	2	0	0
0	0	0	0	0	0	0	0	0	0	0	0	0	0	0	0	0	2	0	0	0	0	0	2	0	0	0	0	0	0	0	0	0	0	0	0	0	0	0	0	0	0	2	0	0	0	0	0	0	0	2	0	0	0	2	0	0	0	0	0	0	0	0	2	0	0	0	0	0	0	0	0	0	0	0	0	0	0	0	0	0	0	0	0	0	0	0	0	0	0	0	0	0	2	0	0	0	0	0	0	0	0	0	0	0	2	0	0	0	0	0	0	0	0	0	0	0	2	0	0	0	0	0	0	0	2	0	0	0	0	0	2	0	0	0	0	0	0	0	0	0	0	0	0	0	0	0	0	0	0	0	0
0	0	0	0	0	0	0	0	0	0	0	0	0	0	0	0	0	0	2	0	0	3	0	0	0	2	2	2	0	0	0	0	0	0	0	0	2	0	2	0	0	0	0	0	0	0	0	0	3	0	3	0	2	0	0	2	0	0	0	2	0	0	0	0	0	0	0	0	0	0	0	0	0	0	0	2	0	2	0	0	0	2	0	0	0	0	0	0	0	0	0	0	0	2	2	0	0	2	0	0	0	0	0	2	2	0	0	0	0	0	0	0	0	0	0	0	0	2	0	0	0	0	0	0	0	0	0	0	0	0	0	0	0	0	0	0	0	0	0	0	0	0	0	2	0	2	0	0	0	0	0	0
0	0	0	0	0	0	0	0	0	0	0	0	0	0	0	0	0	0	0	0	0	0	0	0	0	0	0	0	0	0	0	0	0	0	0	0	0	0	0	0	0	0	0	0	0	0	0	0	0	0	0	0	0	0	0	0	0	0	0	0	0	2	0	0	0	0	0	0	0	0	0	0	0	0	0	0	0	0	0	0	0	0	0	0	0	0	0	0	0	0	0	0	0	0	0	0	0	0	0	0	0	0	0	2	0	0	0	0	0	0	0	0	0	0	0	0	0	0	0	0	0	0	0	0	0	0	0	0	0	0	0	0	0	0	0	0	0	0	0	0	0	0	0	0	0	0	0	0	0	2	0	0
0	0	0	0	2	0	0	0	0	0	0	0	0	0	0	0	0	4	0	0	0	0	0	4	0	0	0	0	0	0	0	0	2	0	0	0	0	0	0	0	0	0	0	0	0	0	0	0	0	0	0	0	0	0	5	0	0	0	0	0	0	5	0	2	3	0	0	0	0	0	2	0	0	0	0	0	2	0	0	0	0	0	0	0	0	0	0	0	0	0	0	0	0	2	2	0	2	0	0	0	0	4	0	0	0	5	0	0	2	3	0	0	4	0	2	0	0	4	0	0	0	0	0	0	0	2	0	0	0	0	0	0	0	0	0	0	0	2	4	2	0	0	0	0	0	0	4	0	0	0	0	0
0	0	0	0	0	0	0	0	0	0	0	0	0	0	0	0	0	0	0	0	0	0	0	0	0	0	0	0	0	0	0	0	0	0	0	0	0	0	0	0	0	0	0	0	0	0	0	0	0	0	0	0	0	0	0	0	0	0	0	0	0	0	0	0	0	0	0	0	0	0	0	0	0	0	0	0	0	0	0	0	0	0	0	0	0	0	0	0	0	0	0	0	0	0	0	0	0	0	0	0	0	0	0	0	0	0	0	0	0	0	0	0	0	0	0	0	0	0	0	0	0	0	0	0	0	0	0	0	0	0	0	0	0	0	0	0	0	0	0	0	0	0	0	0	0	0	0	0	0	0	0	0
0	0	3	0	0	0	0	3	0	0	0	0	2	0	0	0	0	19	2	0	0	6	5	8	0	3	3	2	0	4	0	3	0	0	0	0	19	0	0	0	2	0	2	0	9	0	3	0	6	0	3	0	0	0	18	14	0	0	0	5	0	18	0	8	4	0	0	5	2	0	0	0	4	0	0	5	0	0	0	0	0	0	3	0	0	0	0	0	0	2	0	0	0	13	12	0	4	12	0	0	8	4	0	4	3	16	11	0	0	0	0	0	12	0	0	0	0	23	0	4	2	2	0	2	0	4	0	0	0	0	0	6	0	0	0	2	0	0	6	0	0	0	0	0	0	0	0	0	0	2	0	0
0	0	0	0	0	0	0	0	0	0	0	0	0	0	0	0	0	2	0	0	0	0	0	0	0	0	0	0	0	0	0	0	0	0	0	0	4	0	0	0	0	0	0	0	0	0	0	0	0	0	0	0	0	0	3	3	0	0	0	0	0	3	0	0	0	0	0	0	0	0	0	0	0	0	0	2	0	0	0	0	0	0	0	0	0	0	0	0	2	0	0	0	0	2	2	0	0	2	0	0	0	0	0	0	0	4	4	0	0	0	0	0	0	0	0	0	0	3	0	0	2	0	0	0	0	0	0	0	0	0	0	0	0	0	0	0	0	0	3	0	0	0	0	0	0	0	0	0	0	0	0	0
0	0	0	0	0	0	0	0	0	0	0	0	0	0	0	0	0	0	0	0	0	0	0	2	0	0	0	0	0	0	0	0	3	0	0	0	0	0	0	0	0	0	0	0	0	0	0	0	0	0	0	0	0	0	2	0	0	0	0	0	0	0	0	0	0	0	0	0	0	0	0	0	0	0	0	0	0	0	0	0	0	0	0	0	0	0	0	0	0	0	0	0	0	0	0	0	0	0	0	0	0	0	0	0	2	0	0	0	3	0	0	0	0	0	0	0	0	0	0	0	0	0	2	0	0	2	0	0	0	0	0	0	0	0	0	0	0	0	0	0	0	0	0	0	0	0	0	0	0	2	0	0
0	0	0	0	0	0	0	0	0	0	0	0	0	0	0	0	0	0	0	0	0	0	0	0	0	0	0	0	0	0	0	0	0	0	0	0	0	0	0	0	0	0	0	0	0	0	0	0	0	0	0	0	0	0	0	0	0	0	0	0	0	0	0	0	2	0	0	0	0	0	0	0	0	0	0	0	0	0	0	0	0	0	0	0	0	0	0	0	0	0	0	0	0	0	0	0	0	0	0	0	0	0	0	0	0	0	0	0	0	0	0	0	0	0	0	0	0	0	0	0	0	0	0	0	0	0	0	0	0	0	0	0	0	0	0	0	0	0	0	0	0	0	0	0	0	0	0	0	0	0	0	0
0	0	0	0	0	0	0	0	0	0	0	0	0	0	0	0	0	0	0	0	0	0	0	0	0	0	0	0	0	0	0	0	0	0	0	0	2	0	0	0	0	0	0	0	0	0	0	0	2	0	0	0	0	0	3	0	0	0	0	3	0	0	0	2	0	0	0	0	0	0	0	0	0	0	0	0	0	0	0	0	0	0	0	0	0	0	0	0	0	0	0	0	0	2	2	0	0	0	0	0	0	0	0	2	0	3	0	0	0	0	0	0	3	0	0	0	0	2	0	0	0	0	0	0	0	0	0	0	0	0	0	2	0	0	0	0	0	0	0	0	0	0	0	0	0	0	0	0	0	0	0	0
2	8	7	0	5	2	7	75	6	5	28	3	3	2	0	5	6	126	10	0	26	40	68	81	23	6	7	53	2	66	8	33	0	0	0	3	289	5	43	0	18	0	11	0	146	3	14	4	88	4	6	10	2	3	185	63	2	0	0	58	0	147	2	77	14	3	0	3	24	5	0	2	11	0	2	68	7	7	0	2	5	2	13	2	2	0	2	0	13	2	0	0	2	0	360	2	37	143	6	6	72	31	12	29	33	284	208	0	3	22	2	2	170	0	0	0	2	330	0	19	2	0	0	3	4	53	3	0	2	2	2	11	8	2	7	2	66	14	55	0	2	4	4	3	2	2	19	3	2	22	8	8
2	7	7	0	5	2	7	72	6	4	27	3	2	2	0	3	6	107	10	0	25	38	67	76	23	6	7	51	2	66	8	33	0	0	0	3	282	5	40	0	18	0	10	0	142	3	12	4	85	3	5	10	2	3	172	61	2	0	0	55	0	133	2	65	13	3	0	3	22	5	0	2	10	0	2	68	6	7	0	2	4	2	13	0	2	0	2	0	12	2	0	0	2	360	0	2	35	136	6	5	69	31	12	26	31	265	202	0	3	21	0	2	164	0	0	0	2	305	0	18	2	0	0	3	4	41	3	0	2	2	2	9	7	2	7	2	64	13	53	0	2	2	4	3	2	2	18	3	2	20	8	7
0	0	0	0	0	0	0	0	0	0	0	0	0	0	0	0	0	0	0	0	0	0	0	0	0	0	2	0	0	0	0	0	0	0	0	0	2	0	0	0	0	0	0	0	0	0	0	0	0	0	0	0	0	0	0	2	0	0	0	0	0	0	0	0	0	0	0	0	0	0	0	0	0	0	0	0	0	0	0	0	0	0	0	0	0	0	0	0	0	0	0	0	0	2	2	0	0	2	0	0	0	0	0	0	0	0	2	0	0	0	0	0	0	0	0	0	0	2	0	0	0	0	0	0	0	0	0	0	0	0	0	0	0	0	0	0	0	0	0	0	0	0	0	0	0	0	0	0	0	0	0	0
0	0	2	0	5	0	0	23	0	0	5	0	0	0	0	0	0	25	0	0	0	9	11	43	0	0	0	2	0	13	4	4	0	0	0	0	40	0	2	0	0	0	0	0	22	0	3	0	9	2	2	0	0	0	30	14	0	0	0	3	0	49	0	26	14	0	0	0	5	0	0	0	7	0	0	13	5	0	0	0	0	0	3	0	0	0	2	0	4	0	0	0	0	37	35	0	0	26	3	0	24	11	0	8	2	66	35	0	0	11	0	0	48	0	0	0	0	78	0	3	0	2	0	0	0	15	0	0	0	0	0	2	0	0	0	0	4	0	20	0	3	0	0	0	0	0	5	0	0	10	0	0
0	6	3	0	2	0	7	36	0	3	8	3	2	0	0	2	2	67	4	0	14	24	58	37	13	6	6	43	2	41	0	18	0	0	0	2	153	4	20	0	14	2	8	0	88	2	11	3	41	2	5	7	3	0	92	39	0	0	2	27	0	89	0	33	11	4	0	0	21	2	0	0	6	0	0	58	3	5	0	0	4	2	12	0	2	0	0	0	12	2	0	0	0	143	136	2	26	0	3	0	62	19	2	14	20	150	126	2	2	13	0	2	102	0	0	0	0	161	0	9	0	0	0	3	3	24	0	0	2	2	2	5	6	0	5	2	59	8	30	0	0	2	2	2	0	2	7	2	0	15	0	6
0	0	0	0	2	0	0	2	0	0	2	0	0	0	0	0	0	0	0	0	0	2	2	4	0	0	0	0	0	4	0	0	0	0	0	0	6	0	0	0	0	0	0	0	3	0	0	0	2	0	0	0	0	0	5	2	0	0	0	0	0	4	0	2	0	0	0	0	2	0	0	0	2	0	0	5	2	0	0	0	0	0	2	0	0	0	0	0	0	0	0	0	0	6	6	0	3	3	0	0	3	2	0	0	0	7	5	0	0	6	0	0	4	0	0	0	0	7	0	0	0	0	0	0	0	0	0	0	0	0	0	0	0	0	0	0	0	0	3	0	0	0	0	0	0	0	0	0	0	0	0	0
0	0	0	0	0	0	0	0	0	0	0	0	0	0	0	0	0	5	2	0	0	3	0	4	0	0	0	2	0	0	0	0	0	0	0	0	8	0	0	0	0	0	0	0	0	0	0	0	5	0	0	0	0	0	11	3	0	0	0	4	0	7	0	5	0	0	0	0	0	0	0	0	0	0	0	0	0	0	0	0	0	0	0	0	0	0	0	0	0	0	0	0	0	6	5	0	0	0	0	0	0	0	0	0	0	16	2	0	0	0	0	0	9	0	0	0	0	12	0	0	0	0	0	0	0	2	0	0	0	0	0	0	0	0	0	0	0	0	0	0	0	0	0	0	0	0	0	0	0	0	0	0
0	0	6	0	0	0	4	25	0	0	6	0	2	0	0	0	0	48	0	0	6	14	34	38	5	0	0	15	0	22	3	11	0	0	0	0	83	3	7	0	4	0	3	0	48	0	5	0	24	2	0	0	0	0	62	32	0	0	2	6	0	69	0	26	14	0	0	3	34	0	0	0	4	0	0	17	2	0	0	0	3	0	3	0	0	0	0	0	8	0	0	0	0	72	69	0	24	62	3	0	0	17	2	16	9	98	73	2	0	10	0	2	55	0	0	0	0	124	0	4	0	0	0	0	0	18	0	0	0	0	0	6	2	0	0	0	42	2	22	0	0	0	2	0	0	0	3	0	0	14	0	2
0	0	2	0	4	0	0	25	0	0	4	0	0	0	0	2	0	22	0	0	0	9	9	24	0	0	2	5	0	10	7	6	2	0	0	0	41	0	0	0	0	0	0	0	20	0	5	0	8	2	0	0	0	0	34	17	0	0	0	3	0	44	0	26	14	0	0	0	6	0	4	0	2	0	0	9	2	2	0	0	0	0	2	0	0	0	4	0	4	0	0	0	0	31	31	0	11	19	2	0	17	0	0	4	0	53	36	0	7	9	0	2	33	0	2	0	0	58	0	2	0	0	0	0	0	20	0	0	0	0	0	2	0	0	0	0	6	2	22	4	7	0	3	0	0	0	4	0	0	4	0	4
0	0	0	0	0	0	0	4	0	0	2	0	0	0	0	0	0	3	0	0	0	2	0	2	0	0	0	0	0	5	0	0	0	0	0	0	8	0	8	0	0	0	0	0	8	0	0	0	9	0	0	0	0	0	13	0	0	0	0	7	0	4	0	0	0	0	0	0	0	0	0	0	0	0	0	0	0	0	0	0	0	0	0	0	0	0	0	0	0	0	0	0	0	12	12	0	0	2	0	0	2	0	0	2	0	12	6	0	0	0	0	0	6	0	0	0	0	12	0	5	0	0	0	0	0	0	0	0	0	0	0	0	0	0	0	0	0	0	5	0	0	0	0	0	0	0	0	0	0	7	0	0
0	5	9	2	0	0	0	17	0	6	6	0	5	3	5	2	0	24	17	0	0	41	5	14	2	5	3	8	0	8	2	9	2	2	0	3	34	14	17	0	6	0	4	0	15	0	3	0	42	0	4	2	0	0	39	19	0	0	0	24	2	30	0	13	7	0	0	0	6	0	2	0	2	2	0	8	2	4	0	0	0	0	2	0	2	2	0	0	4	0	0	0	2	29	26	0	8	14	0	0	16	4	2	0	7	47	32	0	2	5	6	0	26	0	0	2	3	64	2	5	0	0	0	0	2	12	0	0	2	0	0	5	0	0	3	3	4	4	11	0	0	2	3	2	0	0	8	0	0	4	0	3
0	0	0	0	0	0	3	6	3	2	5	0	0	0	0	0	5	8	2	0	6	13	13	3	9	2	2	18	0	7	0	6	0	0	0	2	30	2	11	0	5	0	0	0	17	0	2	3	23	0	3	10	2	3	25	13	0	0	0	20	0	14	0	6	2	3	0	0	7	2	0	0	0	0	0	13	0	0	0	0	0	2	4	0	2	0	0	0	3	0	2	0	0	33	31	0	2	20	0	0	9	0	0	7	0	32	24	0	2	3	0	0	21	0	0	0	0	25	0	6	0	0	0	0	3	5	2	0	0	2	0	2	6	0	2	0	13	0	2	0	0	0	0	2	0	2	3	0	0	0	0	0
0	10	24	0	9	0	7	147	9	7	42	0	5	6	3	8	4	189	22	2	24	75	72	144	26	5	6	46	0	52	14	31	5	0	2	2	372	12	45	0	18	2	10	2	176	2	16	4	126	4	5	11	0	2	300	81	2	4	0	72	0	284	7	124	38	4	0	4	29	3	4	0	15	0	0	64	11	5	2	0	9	0	13	2	0	0	5	0	16	4	0	0	3	284	265	0	66	150	7	16	98	53	12	47	32	0	286	0	8	42	4	2	304	2	2	0	8	527	0	24	3	0	0	2	4	79	6	0	0	0	0	14	7	2	8	3	67	20	114	5	6	7	7	4	2	0	34	0	2	33	7	10
2	6	9	0	3	0	6	75	4	3	26	2	2	0	0	2	3	111	10	2	24	51	61	84	25	3	5	46	2	30	8	33	0	0	0	3	276	9	28	0	10	0	4	0	148	2	11	3	87	3	0	7	2	2	153	58	0	0	2	42	0	149	5	61	27	3	0	3	28	2	0	2	7	0	0	52	5	6	0	0	6	0	11	0	0	0	0	0	11	4	0	0	0	208	202	2	35	126	5	2	73	36	6	32	24	286	0	2	2	21	0	2	151	0	0	0	0	322	0	18	3	0	0	2	2	41	6	0	2	2	2	7	4	0	5	0	59	12	49	0	5	6	3	0	0	0	19	0	0	13	2	6
0	0	0	0	0	0	0	0	0	0	0	0	0	0	0	0	0	0	0	0	0	0	0	0	0	0	0	0	0	0	0	0	0	0	0	0	2	0	0	0	0	0	0	0	0	0	0	0	0	0	0	0	0	0	0	0	0	0	2	0	0	0	0	0	0	0	0	0	2	0	0	0	0	0	0	0	0	0	0	0	0	0	0	0	0	0	0	0	0	0	0	0	0	0	0	0	0	2	0	0	2	0	0	0	0	0	2	0	0	0	0	0	0	0	0	0	0	2	0	0	0	0	0	0	0	0	0	0	0	0	0	0	0	0	0	0	2	0	0	0	0	0	0	0	0	0	0	0	0	0	0	0
0	0	0	0	2	0	0	3	0	0	0	0	0	0	0	3	0	5	0	0	0	0	4	11	0	0	0	0	0	0	0	0	7	0	0	0	4	0	0	0	0	0	0	2	4	0	0	0	0	0	0	0	0	0	10	0	0	0	0	0	0	7	0	4	6	0	0	0	0	0	6	0	0	2	0	0	0	0	0	0	0	0	0	0	0	0	2	0	0	0	3	0	0	3	3	0	0	2	0	0	0	7	0	2	2	8	2	0	0	2	2	0	7	0	2	0	0	8	0	0	0	0	3	0	0	7	0	0	0	0	0	0	0	0	0	0	0	2	5	4	0	0	0	0	0	0	2	0	0	3	0	0
0	0	0	0	4	0	0	16	0	0	3	0	0	0	0	0	0	16	0	0	0	7	4	16	2	0	2	3	0	6	0	0	2	0	0	0	26	0	2	0	0	0	0	0	12	0	4	0	7	2	0	0	0	0	29	5	0	0	0	5	0	29	0	16	7	0	0	0	3	0	2	0	5	0	0	9	4	0	0	0	0	0	2	0	0	0	3	0	0	0	0	0	0	22	21	0	11	13	6	0	10	9	0	5	3	42	21	0	2	0	0	2	25	0	2	0	0	41	0	3	0	0	0	0	0	12	0	0	0	0	0	0	0	0	0	0	2	2	22	2	0	0	2	2	0	0	3	0	0	3	2	2
0	2	0	0	0	0	0	2	0	0	0	0	2	0	2	0	0	3	0	0	0	2	0	3	0	0	0	0	0	0	0	0	2	0	0	0	2	2	0	0	0	0	0	0	0	0	0	0	2	0	0	0	0	0	3	0	0	0	0	3	0	2	0	2	2	0	0	0	0	0	2	0	0	2	0	0	0	0	0	0	0	0	0	0	0	0	0	0	0	0	0	0	0	2	0	0	0	0	0	0	0	0	0	6	0	4	0	0	2	0	0	0	2	0	0	0	0	4	0	0	0	0	0	0	0	3	0	0	0	0	0	0	0	0	0	0	0	0	0	0	0	0	0	0	0	0	0	0	0	2	0	0
0	0	0	0	0	0	0	2	0	0	0	0	0	0	0	0	0	2	0	0	0	0	0	0	0	0	0	0	0	0	0	0	0	0	0	0	2	0	0	0	0	0	0	0	2	0	2	0	0	2	0	0	0	0	2	2	0	0	0	0	0	2	0	2	0	0	0	0	0	0	0	0	0	0	0	2	0	0	0	0	0	0	0	0	0	0	0	0	0	0	0	0	0	2	2	0	0	2	0	0	2	2	0	0	0	2	2	0	0	2	0	0	2	0	0	0	0	2	0	0	0	0	0	0	0	2	0	0	0	0	0	0	0	0	0	0	0	0	2	0	0	0	2	0	0	0	0	0	0	0	0	2
0	7	8	0	9	0	5	80	3	3	27	0	5	3	0	5	2	128	5	0	16	37	44	85	13	3	3	37	0	41	8	23	4	0	0	2	217	4	22	0	11	2	7	2	101	2	10	4	63	3	2	6	0	0	185	55	0	0	0	35	0	184	2	87	18	3	2	4	14	5	3	0	11	0	0	52	7	5	2	0	6	0	8	0	0	0	4	0	12	0	0	0	3	170	164	0	48	102	4	9	55	33	6	26	21	304	151	0	7	25	2	2	0	2	2	0	0	301	0	10	0	2	0	0	3	57	0	0	0	0	0	7	7	2	6	3	39	7	75	5	6	0	4	4	0	0	12	0	0	15	6	5
0	0	0	0	0	0	2	0	0	0	0	0	0	0	0	0	0	0	0	0	2	0	0	0	0	0	0	0	0	0	0	0	0	0	0	0	0	0	0	0	0	0	0	0	0	0	0	0	0	0	0	0	0	0	0	0	0	0	0	0	0	0	0	0	0	0	0	0	0	0	0	0	0	0	0	2	0	0	2	0	0	0	0	0	0	0	0	0	0	0	0	0	0	0	0	0	0	0	0	0	0	0	0	0	0	2	0	0	0	0	0	0	2	0	0	0	0	0	0	0	0	0	0	0	0	0	0	0	0	0	0	0	0	0	0	0	0	0	0	0	0	0	0	0	0	0	0	0	0	0	0	0
0	0	0	0	2	0	0	0	0	0	0	0	0	0	0	0	0	2	0	0	0	0	0	2	0	0	0	0	0	0	0	0	2	0	0	0	0	0	0	0	0	0	0	0	0	0	0	0	0	0	0	0	0	0	2	0	0	0	0	0	0	2	0	0	2	0	0	0	0	0	2	0	0	0	0	0	0	0	0	0	0	0	0	0	0	0	2	0	0	0	0	0	0	0	0	0	0	0	0	0	0	2	0	0	0	2	0	0	2	2	0	0	2	0	0	0	0	2	0	0	0	0	0	0	0	0	0	0	0	0	0	0	0	0	0	0	0	2	2	2	0	0	0	0	0	0	2	0	0	0	0	0
0	0	0	2	0	0	0	0	0	0	0	0	0	0	0	0	0	0	0	0	0	0	0	0	0	0	0	0	0	0	0	0	0	0	0	0	0	0	0	0	0	0	0	0	0	0	0	0	0	0	0	0	0	0	0	0	0	0	0	0	0	2	0	0	0	0	0	0	0	0	0	0	0	0	0	0	0	0	0	0	0	0	0	0	0	0	0	0	0	0	0	0	0	0	0	0	0	0	0	0	0	0	0	2	0	0	0	0	0	0	0	0	0	0	0	0	0	0	0	0	0	0	0	0	0	0	0	0	0	0	0	0	0	0	0	0	0	0	0	0	0	0	0	0	0	0	0	0	0	0	0	0
0	0	3	0	0	0	0	0	0	3	3	0	0	0	0	0	0	2	2	0	0	2	0	2	0	0	0	0	0	0	0	0	0	0	0	0	3	2	4	0	0	0	0	0	3	0	0	0	2	0	2	0	0	0	3	2	0	0	0	0	0	2	0	0	0	0	0	0	0	0	0	0	0	0	0	0	0	0	0	0	0	0	0	0	0	0	0	0	0	0	0	0	0	2	2	0	0	0	0	0	0	0	0	3	0	8	0	0	0	0	0	0	0	0	0	0	0	7	0	0	0	0	0	0	0	0	0	0	0	0	0	0	0	0	0	0	0	7	0	0	0	0	0	0	0	0	2	0	0	2	0	0
2	10	33	0	10	2	6	157	2	7	44	0	5	6	3	7	2	224	22	0	24	79	74	164	12	7	7	53	0	66	17	42	5	2	2	2	414	13	43	2	17	2	11	2	186	3	15	3	123	4	7	6	3	0	306	103	0	3	2	68	0	315	0	140	41	2	2	9	35	4	3	2	18	0	0	65	10	8	0	0	9	2	12	2	2	0	4	0	23	3	0	0	2	330	305	2	78	161	7	12	124	58	12	64	25	527	322	2	8	41	4	2	301	0	2	0	7	0	0	21	3	2	2	3	3	96	0	0	2	0	0	19	4	0	6	2	76	17	111	5	7	6	7	3	2	2	29	0	0	35	7	9
0	0	0	0	0	0	0	0	0	0	0	0	0	0	0	0	0	0	0	0	0	2	0	0	0	0	0	0	0	0	0	0	0	0	0	0	0	0	0	0	0	0	0	0	0	0	0	0	2	0	0	0	0	0	0	0	0	0	0	0	0	0	0	0	0	0	0	0	0	0	0	0	0	0	0	0	0	0	0	0	0	0	0	0	0	0	0	0	0	0	0	0	0	0	0	0	0	0	0	0	0	0	0	2	0	0	0	0	0	0	0	0	0	0	0	0	0	0	0	0	0	0	0	0	0	0	0	0	0	0	0	0	0	0	0	0	0	0	0	0	0	0	0	0	0	0	0	0	0	0	0	0
0	0	0	0	0	0	2	6	0	0	0	2	0	0	0	0	0	5	0	0	0	2	7	2	5	0	3	10	0	7	0	4	0	0	0	0	14	0	9	0	0	0	0	0	13	0	0	2	8	0	2	3	0	0	15	7	0	0	0	7	0	12	0	3	0	0	0	0	4	2	0	0	0	0	0	8	0	0	0	0	0	0	3	0	0	0	0	0	4	0	0	0	0	19	18	0	3	9	0	0	4	2	5	5	6	24	18	0	0	3	0	0	10	0	0	0	0	21	0	0	0	0	0	0	2	2	0	0	0	0	0	2	0	0	0	0	0	3	9	0	0	0	0	3	0	0	0	0	0	4	0	0
0	0	0	0	0	0	0	0	0	0	0	0	0	0	0	0	0	2	0	0	0	0	0	0	0	0	0	0	0	0	0	0	2	0	0	0	4	0	0	0	0	0	0	0	0	0	0	0	0	0	0	0	0	0	4	2	0	0	0	0	0	3	0	0	0	0	0	0	0	0	0	0	0	0	0	0	0	0	0	0	0	0	0	0	0	0	0	0	2	2	0	0	0	2	2	0	0	0	0	0	0	0	0	0	0	3	3	0	0	0	0	0	0	0	0	0	0	3	0	0	0	0	0	0	0	2	0	0	0	0	0	0	2	0	0	0	0	0	2	0	0	0	0	0	0	0	0	0	0	0	0	0
0	0	0	0	0	0	0	0	0	0	0	0	0	0	0	0	0	2	0	0	0	0	0	0	0	0	0	0	0	0	0	0	0	0	0	0	2	0	0	0	0	0	0	0	0	0	0	0	0	0	0	0	0	0	0	2	0	0	0	0	0	2	0	0	0	0	0	0	0	0	0	0	0	0	0	0	0	0	0	0	0	0	0	0	0	0	0	0	2	0	0	0	0	0	0	0	2	0	0	0	0	0	0	0	0	0	0	0	0	0	0	0	2	0	0	0	0	2	0	0	0	0	0	0	0	0	0	0	0	0	0	0	0	0	0	0	0	0	0	0	0	0	0	0	0	0	0	0	0	0	0	0
0	0	0	0	0	0	0	0	0	0	0	0	0	0	0	0	0	0	0	0	0	0	0	3	0	0	0	0	0	0	0	0	3	0	0	0	2	0	0	0	0	0	0	0	0	0	0	0	0	0	0	0	0	0	0	0	0	0	0	0	0	3	0	0	0	0	0	0	2	0	0	0	0	0	0	0	0	0	0	0	0	0	0	0	0	0	0	0	0	0	2	0	0	0	0	0	0	0	0	0	0	0	0	0	0	0	0	0	3	0	0	0	0	0	0	0	0	2	0	0	0	0	0	0	0	3	0	0	0	0	0	0	0	0	0	0	0	0	0	0	0	0	0	0	0	0	0	0	0	3	0	0
0	0	0	0	0	0	0	0	0	0	0	0	0	0	0	0	0	2	0	0	0	0	0	2	0	0	0	0	0	0	0	0	0	0	0	0	3	0	0	0	0	0	0	0	0	0	0	0	0	0	0	0	0	0	3	2	0	0	0	0	0	2	0	0	0	0	0	0	0	0	0	0	0	0	0	0	0	0	0	0	0	0	0	0	0	0	0	0	2	0	0	0	0	3	3	0	0	3	0	0	0	0	0	0	0	2	2	0	0	0	0	0	0	0	0	0	0	3	0	0	0	0	0	0	0	0	0	0	0	0	0	0	0	0	0	0	0	0	2	0	0	0	0	0	0	0	0	0	0	0	0	0
0	0	0	0	0	0	0	0	0	0	0	0	0	0	0	0	2	0	0	0	0	0	0	0	2	0	0	4	0	0	0	0	0	0	0	0	4	0	2	0	0	0	0	0	3	0	0	2	2	0	0	2	0	0	0	2	0	0	0	4	0	0	0	0	0	3	0	0	0	2	0	0	0	0	0	3	0	0	0	0	0	0	0	0	0	0	0	0	0	0	0	0	0	4	4	0	0	3	0	0	0	0	0	2	3	4	2	0	0	0	0	0	3	0	0	0	0	3	0	2	0	0	0	0	0	0	0	0	0	0	0	0	0	0	0	0	0	0	0	0	0	0	0	3	0	0	0	0	0	0	0	0
0	0	7	0	0	0	0	34	0	0	2	0	3	0	2	0	0	53	2	0	3	15	6	38	0	0	0	5	0	7	6	3	4	0	0	0	55	4	6	0	2	0	2	2	28	0	4	0	15	3	2	0	0	0	62	16	0	0	0	10	2	59	0	83	21	0	0	0	9	0	2	0	4	0	0	7	3	0	0	0	0	0	2	2	0	0	2	0	4	0	2	0	0	53	41	0	15	24	0	2	18	20	0	12	5	79	41	0	7	12	3	2	57	0	0	0	0	96	0	2	2	0	3	0	0	0	0	0	0	0	0	6	2	0	0	0	10	3	41	2	4	3	3	0	0	0	5	0	0	7	0	4
0	0	0	0	0	0	0	0	3	0	0	0	0	0	0	0	0	0	0	2	0	2	7	0	6	0	0	2	0	0	0	0	0	0	0	0	2	0	2	0	2	0	0	0	0	0	0	0	4	0	0	0	0	0	6	0	0	0	0	3	0	0	5	0	5	0	0	0	0	0	0	0	0	0	0	0	0	0	0	0	0	0	0	0	0	0	0	0	0	0	0	0	0	3	3	0	0	0	0	0	0	0	0	0	2	6	6	0	0	0	0	0	0	0	0	0	0	0	0	0	0	0	0	0	0	0	0	0	0	0	0	0	2	0	0	0	2	0	0	0	0	0	0	0	0	0	0	0	0	0	0	0
0	0	0	0	0	0	0	0	0	0	0	0	0	0	0	0	0	0	0	0	2	0	0	0	0	0	0	0	0	0	0	0	0	0	0	0	0	0	0	0	0	0	0	0	0	0	0	0	0	0	0	0	0	0	0	0	0	0	0	0	0	0	0	0	0	0	0	0	0	0	0	0	0	0	0	0	0	0	0	0	0	0	0	0	0	0	0	0	0	0	0	0	0	0	0	0	0	0	0	0	0	0	0	0	0	0	0	0	0	0	0	0	0	0	0	0	0	0	0	0	0	0	0	0	0	0	0	0	0	0	0	0	2	0	0	0	0	0	0	0	0	0	0	0	0	0	0	0	0	0	0	0
0	0	0	0	0	0	0	0	0	0	0	0	0	0	0	0	0	0	0	0	0	2	0	0	0	0	2	0	0	2	0	0	0	0	0	0	2	0	0	0	0	0	0	0	2	0	0	0	2	0	0	0	0	0	0	2	0	0	0	0	0	2	0	0	0	0	0	0	0	0	0	0	0	0	0	2	0	0	0	0	0	0	0	0	0	0	0	0	0	0	0	0	0	2	2	0	0	2	0	0	0	0	0	2	0	0	2	0	0	0	0	0	0	0	0	0	0	2	0	0	0	0	0	0	0	0	0	0	0	0	0	0	0	0	0	0	0	0	0	0	0	0	0	0	0	0	0	0	0	0	0	0
0	0	0	0	0	0	0	0	0	0	0	0	0	0	0	0	0	0	0	0	0	2	0	0	2	0	0	2	0	0	0	0	0	0	0	2	2	0	2	0	0	0	0	0	0	0	0	0	2	0	0	2	0	0	0	0	0	0	0	2	0	0	0	0	0	0	0	0	0	0	0	0	0	0	0	2	0	0	0	0	0	0	0	0	0	0	0	0	0	0	0	0	0	2	2	0	0	2	0	0	0	0	0	0	2	0	2	0	0	0	0	0	0	0	0	0	0	0	0	0	0	0	0	0	0	0	0	0	0	0	0	0	0	0	0	0	0	0	0	0	0	0	0	0	0	0	0	0	0	0	0	0
0	0	0	0	0	0	0	0	0	0	0	0	0	0	0	0	0	0	0	0	2	0	2	0	0	0	0	0	0	0	0	0	0	0	0	0	3	0	0	0	0	0	0	0	2	0	0	0	0	0	0	0	0	0	0	0	0	0	0	0	0	0	0	0	0	0	0	0	0	0	0	0	0	0	0	2	0	0	0	0	0	0	0	0	0	0	0	0	0	0	0	0	0	2	2	0	0	2	0	0	0	0	0	0	0	0	2	0	0	0	0	0	0	0	0	0	0	0	0	0	0	0	0	0	0	0	0	0	0	0	0	0	0	0	0	0	2	0	0	0	0	0	0	0	0	0	0	0	0	0	0	0
0	2	3	0	0	0	0	2	0	0	3	0	0	0	2	0	0	10	2	0	0	4	0	9	0	2	0	2	0	4	0	3	0	0	2	0	12	2	2	0	0	0	3	0	10	0	4	0	5	0	4	0	0	0	12	5	0	0	0	4	0	10	0	11	4	0	0	5	3	0	0	0	3	0	0	2	0	2	0	0	0	0	0	2	0	0	0	0	6	0	0	0	2	11	9	0	2	5	0	0	6	2	0	5	2	14	7	0	0	0	0	0	7	0	0	0	0	19	0	2	0	0	0	0	0	6	0	0	0	0	0	0	0	0	2	0	0	0	5	0	0	0	0	0	0	0	0	0	0	2	0	3
0	0	0	0	0	0	2	0	0	0	0	0	0	0	0	2	0	2	0	0	3	4	5	0	3	0	0	4	0	0	0	2	0	0	0	0	7	0	4	0	4	0	0	0	4	2	0	2	5	0	0	3	0	0	6	0	0	0	0	6	0	4	0	0	0	0	0	0	0	0	0	0	0	0	0	3	0	0	0	0	2	0	0	0	0	0	0	0	0	0	0	0	0	8	7	0	0	6	0	0	2	0	0	0	6	7	4	0	0	0	0	0	7	0	0	0	0	4	0	0	2	0	0	0	0	2	2	2	0	0	0	0	0	0	2	0	4	0	0	0	0	0	0	0	0	0	0	0	0	0	0	0
0	0	0	0	0	0	0	0	0	0	0	0	0	0	0	0	0	0	0	0	0	0	0	0	0	0	0	2	0	0	0	2	0	0	0	0	2	0	0	0	0	0	0	0	0	0	0	0	0	0	0	0	0	0	0	0	0	0	0	0	0	0	0	0	0	0	0	0	0	0	0	0	0	0	0	0	0	0	0	0	0	0	0	0	0	0	0	0	0	0	0	0	0	2	2	0	0	0	0	0	0	0	0	0	0	2	0	0	0	0	0	0	2	0	0	0	0	0	0	0	0	0	0	0	0	0	0	0	0	0	0	0	0	0	0	0	0	0	0	0	0	0	0	0	0	0	0	0	0	0	0	0
0	3	0	0	0	0	3	0	0	0	0	0	0	0	0	2	0	4	3	0	3	2	4	0	2	0	0	5	0	2	0	3	0	0	0	0	6	0	7	0	7	0	0	0	0	0	0	0	10	0	0	0	0	0	6	2	0	0	0	8	0	3	0	2	0	2	0	0	0	0	0	0	0	0	0	5	0	0	0	0	3	0	0	0	0	0	0	0	0	0	0	0	0	7	7	0	0	5	0	0	0	0	0	3	2	8	5	0	0	0	0	0	6	0	0	0	0	6	0	0	0	0	0	0	0	0	0	0	0	0	0	2	2	0	0	0	0	0	2	0	0	0	0	0	0	0	0	0	0	0	0	0
0	0	0	0	0	0	0	0	0	0	0	0	0	0	2	0	0	3	2	0	0	3	0	0	0	2	0	0	0	0	0	0	0	0	0	0	3	0	0	0	0	0	2	0	2	0	0	0	3	0	2	0	0	0	2	0	0	0	0	0	0	0	0	2	0	0	0	0	0	0	0	0	0	0	0	0	0	0	0	0	0	0	0	0	0	0	0	0	2	0	0	0	0	2	2	0	0	2	0	0	0	0	0	3	0	3	0	0	0	0	0	0	3	0	0	0	0	2	0	0	0	0	0	0	0	0	0	0	0	0	0	0	0	0	0	0	0	0	0	0	0	0	0	0	0	0	0	0	0	0	0	0
0	0	0	0	0	0	4	8	0	0	4	0	0	0	0	0	0	30	0	0	11	13	39	15	9	0	0	22	0	12	0	9	0	0	0	0	70	5	8	0	4	2	0	0	42	3	0	2	23	0	0	3	0	0	47	18	0	0	2	12	0	39	0	15	6	0	0	0	18	2	0	0	0	0	0	24	0	0	0	0	2	0	3	0	0	0	0	0	0	0	0	0	0	66	64	0	4	59	0	0	42	6	0	4	13	67	59	2	0	2	0	0	39	0	0	0	0	76	0	0	0	0	0	0	0	10	2	0	0	0	2	0	4	0	0	0	0	5	13	0	0	3	0	0	0	0	7	0	0	7	3	0
0	0	2	0	2	0	2	5	0	4	3	0	0	0	0	0	0	9	2	0	4	7	3	5	9	2	0	13	2	5	0	0	2	0	0	0	13	2	17	0	0	0	0	0	10	0	0	0	15	0	2	0	0	0	7	3	0	0	0	8	0	8	0	4	4	0	0	0	2	0	2	0	0	0	0	5	0	0	0	0	3	0	0	0	0	0	2	0	0	0	0	0	0	14	13	0	0	8	0	0	2	2	0	4	0	20	12	0	2	2	0	0	7	0	2	0	7	17	0	3	0	0	0	0	0	3	0	0	0	0	0	0	0	0	0	0	5	0	2	2	0	5	0	0	0	0	15	0	0	3	2	0
0	3	13	0	2	0	0	30	0	3	11	0	2	2	0	3	0	32	0	0	2	13	16	34	0	0	2	9	0	12	13	9	4	0	0	0	64	2	10	0	0	0	0	0	34	0	7	0	21	2	0	0	0	0	86	21	0	0	0	14	0	96	0	53	19	0	0	0	10	0	3	0	10	0	0	13	4	0	0	0	0	0	4	0	0	0	4	0	6	3	0	0	0	55	53	0	20	30	3	0	22	22	5	11	2	114	49	0	5	22	0	2	75	0	2	0	0	111	0	9	2	0	0	2	0	41	0	0	0	0	0	5	0	0	2	0	13	2	0	4	0	0	4	0	0	0	7	0	0	8	2	4
0	0	0	0	2	0	0	0	0	0	0	0	0	0	0	0	0	2	0	0	0	0	0	4	0	0	0	0	0	0	0	0	2	0	0	0	0	0	0	0	0	0	0	0	0	0	0	0	0	0	0	0	0	0	5	0	0	0	0	0	0	3	0	2	4	0	0	0	0	0	3	0	0	0	0	0	0	0	0	0	0	0	0	0	0	0	2	0	0	0	0	0	0	0	0	0	0	0	0	0	0	4	0	0	0	5	0	0	4	2	0	0	5	0	2	0	0	5	0	0	0	0	0	0	0	2	0	0	0	0	0	0	0	0	0	0	0	2	4	0	0	0	0	0	0	0	2	0	0	0	0	0
0	0	0	0	2	0	0	4	0	0	0	0	0	0	0	0	0	5	0	0	0	5	0	5	0	0	0	0	0	0	0	2	0	0	0	0	6	0	0	0	0	0	0	0	2	0	0	0	5	0	0	0	0	0	6	0	0	0	0	0	0	7	0	6	2	0	0	0	0	0	0	0	0	0	0	0	0	0	0	0	0	0	0	0	0	0	0	0	0	0	0	0	0	2	2	0	3	0	0	0	0	7	0	0	0	6	5	0	0	0	0	0	6	0	0	0	0	7	0	0	0	0	0	0	0	4	0	0	0	0	0	0	0	0	0	0	0	0	0	0	0	0	0	0	0	0	0	0	0	0	0	0
0	0	2	0	0	0	0	2	0	0	0	0	0	0	0	0	0	0	2	0	0	7	0	0	0	0	0	0	0	0	0	0	0	0	0	2	5	0	6	0	2	0	0	0	2	0	0	0	8	0	0	0	0	0	0	0	0	0	0	8	0	0	0	3	2	0	0	0	2	0	0	0	0	0	0	0	0	0	0	0	0	0	0	0	0	0	0	0	0	0	0	0	0	4	2	0	0	2	0	0	0	0	0	2	0	7	6	0	0	0	0	0	0	0	0	0	0	6	0	0	0	0	0	0	0	3	0	0	0	0	0	0	0	0	0	0	3	5	0	0	0	0	0	0	0	0	8	0	0	0	0	0
0	0	0	0	0	0	0	8	0	0	0	0	0	6	0	0	0	3	0	0	0	0	0	2	0	0	0	0	0	0	0	0	0	0	0	0	4	0	0	0	0	0	0	0	2	0	3	0	0	2	0	0	0	0	8	2	0	0	0	3	0	6	0	3	0	0	0	0	0	0	0	0	0	0	0	2	0	0	0	0	0	0	0	0	0	0	0	0	0	0	0	0	0	4	4	0	0	2	0	0	2	3	0	3	0	7	3	0	0	2	0	2	4	0	0	0	0	7	0	0	0	0	0	0	0	3	0	0	0	0	0	0	0	0	0	0	0	0	4	0	0	0	0	0	0	0	0	0	0	0	0	2
0	0	0	0	0	0	0	0	0	0	0	0	0	0	0	0	0	0	2	0	0	2	2	0	3	0	0	4	0	2	0	0	0	0	0	0	4	0	3	0	0	0	0	0	2	0	0	2	3	0	2	2	0	0	2	2	0	0	0	3	0	2	0	0	0	2	0	0	0	2	0	0	0	0	0	3	0	0	0	0	0	0	0	0	2	0	0	0	0	0	0	0	0	3	3	0	0	2	0	0	0	0	0	2	2	4	0	0	0	2	0	0	4	0	0	0	0	3	0	3	0	0	0	0	3	0	0	0	0	0	0	0	0	0	0	0	0	0	0	0	0	0	0	0	0	0	0	0	0	0	0	0
0	0	0	0	0	0	0	0	0	0	0	0	0	0	0	0	0	0	0	0	0	0	0	0	0	0	0	0	0	0	0	0	0	0	0	0	0	0	0	0	0	0	0	0	0	0	0	0	0	0	0	0	0	0	0	0	0	0	0	0	0	2	0	0	0	0	0	0	0	0	0	0	0	0	0	0	0	0	0	0	0	0	0	0	0	0	0	0	0	0	0	0	0	2	2	0	0	0	0	0	0	0	0	0	0	2	0	0	0	0	0	0	0	0	0	0	0	2	0	0	0	0	0	0	0	0	0	0	0	0	0	0	0	0	0	0	0	0	0	0	0	0	0	0	0	0	0	0	0	0	0	0
0	0	0	0	0	0	0	0	0	0	0	0	0	0	0	0	0	0	0	0	0	2	0	0	0	0	2	2	0	0	0	0	0	0	0	0	2	0	0	0	0	0	0	0	0	0	0	0	2	0	2	0	2	0	0	2	0	0	0	2	0	0	0	0	0	0	0	0	0	0	0	0	0	0	0	2	0	0	0	0	0	2	0	0	2	0	0	0	0	0	0	0	0	2	2	0	0	2	0	0	0	0	0	0	2	0	0	0	0	0	0	0	0	0	0	0	0	2	0	0	0	0	0	0	0	0	0	0	0	0	0	0	0	0	0	0	0	0	0	0	0	0	0	0	0	0	0	0	0	0	0	0
0	0	9	0	2	0	0	6	0	2	3	0	0	0	0	0	0	12	8	0	6	21	5	5	7	0	0	8	0	3	0	0	2	0	0	2	19	3	17	0	4	0	0	0	12	0	0	0	33	0	0	0	0	0	23	2	0	0	0	13	0	16	0	8	5	0	0	0	4	0	2	0	0	0	0	5	2	0	0	0	0	0	0	0	0	0	4	0	0	0	0	0	0	19	18	0	5	7	0	0	3	4	0	8	3	34	19	0	2	3	0	0	12	0	2	0	2	29	0	0	0	0	0	0	0	5	0	0	0	0	0	0	0	0	0	0	7	15	7	2	0	8	0	0	0	0	0	0	0	0	0	0
0	0	0	0	0	0	0	0	0	0	0	2	0	0	0	0	0	0	0	0	0	2	0	0	0	0	0	0	0	0	0	0	0	0	0	0	3	0	0	0	0	0	0	0	2	0	0	0	2	0	0	0	0	0	0	0	0	0	0	3	0	0	0	0	0	0	0	0	0	0	0	0	0	0	0	0	0	0	0	0	0	0	0	0	0	0	0	0	0	0	0	0	0	3	3	0	0	2	0	0	0	0	0	0	0	0	0	0	0	0	0	0	0	0	0	0	0	0	0	0	0	0	0	0	0	0	0	0	0	0	0	0	0	0	0	0	0	0	0	0	0	0	0	0	0	0	0	0	0	0	0	0
0	0	0	0	0	0	0	0	0	0	0	0	0	0	0	0	0	0	2	0	0	0	0	0	0	0	0	0	0	0	0	0	0	0	0	0	2	0	0	0	0	0	0	0	0	0	0	0	0	0	0	0	0	0	0	0	0	0	0	0	0	0	0	0	0	0	0	0	0	0	0	0	0	0	0	0	0	0	0	0	0	0	0	0	0	0	0	0	0	0	0	0	0	2	2	0	0	0	0	0	0	0	0	0	0	2	0	0	0	0	0	0	0	0	0	0	0	0	0	0	0	0	0	0	0	0	0	0	0	0	0	0	0	0	0	0	0	0	0	0	0	0	0	0	0	0	0	0	0	0	0	0
0	0	3	0	0	0	0	8	0	0	7	0	2	0	2	0	0	17	0	0	0	3	0	16	0	0	0	5	0	12	0	0	3	0	0	0	19	2	5	0	0	0	0	0	19	0	0	0	7	0	2	0	0	0	23	6	0	0	0	5	0	18	0	11	6	0	0	0	0	0	0	0	5	0	0	8	0	0	0	0	0	0	2	0	0	2	0	0	2	0	2	0	0	22	20	0	10	15	0	0	14	4	7	4	0	33	13	0	3	3	2	0	15	0	0	0	2	35	0	4	0	0	3	0	0	7	0	0	0	0	0	2	0	0	0	0	7	3	8	0	0	0	0	0	0	0	0	0	0	0	0	2
0	0	0	0	0	0	0	0	0	0	2	0	0	0	0	0	0	2	0	0	0	0	2	0	3	0	0	3	0	5	0	2	0	0	0	0	4	0	2	0	0	0	0	0	5	0	0	0	4	0	0	0	0	0	6	0	0	0	0	2	0	3	2	0	0	0	0	0	0	0	0	0	0	0	0	0	0	0	0	0	0	0	0	0	0	0	0	0	0	0	0	0	0	8	8	0	0	0	0	0	0	0	0	0	0	7	2	0	0	2	0	0	6	0	0	0	0	7	0	0	0	0	0	0	0	0	0	0	0	0	0	0	0	0	0	0	3	2	2	0	0	0	0	0	0	0	0	0	0	0	0	0
0	3	0	0	0	0	0	5	0	0	2	0	0	0	2	0	0	7	0	0	0	3	0	2	0	3	0	0	0	3	0	0	0	0	0	0	7	0	2	0	2	0	3	0	5	0	4	0	4	3	2	0	0	0	7	7	0	0	0	3	0	8	0	6	0	0	0	0	0	0	0	0	0	0	0	3	0	0	0	0	0	0	0	0	0	0	0	0	0	0	0	0	0	8	7	0	0	6	0	0	2	4	0	3	0	10	6	0	0	2	0	2	5	0	0	0	0	9	0	0	0	0	0	0	0	4	0	0	0	0	0	3	0	0	0	0	0	0	4	0	0	0	2	0	0	0	0	0	0	2	0	0